AGE00135039, [(1886, 143.33241758241758, 227.46107784431138)]
AGE00147708, [(1889, 100.53658536585365, 227.95294117647057)]
AGE00147709, [(1885, 97.69041095890411, 197.72754491017963)]
AGE00147712, [(1888, 106.9882697947214, 249.09117647058824)]
AGE00147716, [(1881, 110.37086092715232, 228.62406015037595)]
AGE00147717, [(1886, 89.64309764309765, 248.92128279883383)]
AGE00147718, [(1882, 139.66575342465754, 271.7698630136986)]
AGE00147720, [(1889, 51.63548387096774, 214.6372239747634)]
ASN00014016, [(1885, 230.3223880597015, 328.1283582089552)]
ASN00015540, [(1888, 133.2554945054945, 301.22677595628414)]
ASN00031010, [(1889, 228.9655172413793, 306.9032258064516)]
ASN00048013, [(1887, 126.83013698630137, 272.827397260274)]
ASN00048030, [(1885, 108.1921921921922, 286.26126126126127)]
ASN00052026, [(1885, 125.45251396648045, 280.55128205128204)]
ASN00055023, [(1885, 126.49683544303798, 248.7594936708861)]
ASN00056017, [(1881, 67.28289473684211, 220.68975903614458)]
ASN00063004, [(1887, 70.53076923076924, 198.77692307692308)]
ASN00065016, [(1882, 110.52602739726028, 252.3123287671233)]
ASN00066062, [(1886, 136.74246575342465, 212.38630136986302)]
ASN00072151, [(1887, 69.52631578947368, 232.8345864661654)]
ASN00074128, [(1881, 77.69871794871794, 235.74679487179486)]
ASN00086071, [(1887, 99.77260273972603, 190.45753424657534)]
ASN00090015, [(1885, 91.0813953488372, 181.62258953168043)]
ASN00094029, [(1882, 69.81454545454545, 148.36)]
AU000005010, [(1883, 45.8027397260274, 116.21917808219177)]
AU000005901, [(1886, 55.74794520547945, 133.94794520547944)]
AU000006306, [(1886, 54.345205479452055, 139.14520547945204)]
AU000011801, [(1887, 39.42739726027397, 118.0)]
BE000006447, [(1887, 41.43561643835616, 120.6986301369863)]
CA001066336, [(1889, 37.21369863013699, 115.3013698630137)]
CA001104468, [(1881, 46.33482142857143, 142.12389380530973)]
CA003012195, [(1883, -64.55014326647564, 71.59312320916905)]
CA003031093, [(1882, -103.86324786324786, 38.504273504273506)]
CA003034480, [(1885, -17.134246575342466, 129.39178082191782)]
CA003072657, [(1883, -181.83132530120483, -109.92682926829268)]
CA004013480, [(1889, -88.67272727272727, 52.1875)]
CA004016320, [(1884, -70.48189415041783, 48.51532033426184)]
CA004040420, [(1886, -119.77777777777777, -0.1111111111111111)]
CA004056230, [(1886, -112.33147632311977, 63.77437325905292)]
CA005011760, [(1885, -80.2986301369863, 54.81917808219178)]
CA005012279, [(1888, -48.95505617977528, 64.88764044943821)]
CA005012520, [(1884, -82.37362637362638, 41.797814207650276)]
CA005012540, [(1888, -63.49726775956284, 78.03551912568307)]
CA005022547, [(1880, -65.80601092896175, 62.44808743169399)]
CA005022790, [(1880, -59.581717451523545, 63.96338028169014),(1889, -44.443835616438356, 100.18630136986302)]
CA005023243, [(1886, -60.81369863013698, 75.83287671232877)]
CA005062047, [(1884, 0.0, -45.0)]
CA005063350, [(1880, -133.3306010928962, -43.904371584699454),(1889, -115.25943396226415, -22.30188679245283)]
CA006046588, [(1885, -54.772602739726025, 57.772602739726025)]
CA006085023, [(1883, -95.42068965517241, 47.234482758620686)]
CA006101658, [(1889, -10.964383561643835, 117.75616438356164)]
CA006102417, [(1883, -25.210227272727273, 106.58753709198812)]
CA006104185, [(1882, 24.512328767123286, 121.16986301369863)]
CA006105887, [(1881, -50.064516129032256, 55.70322580645161)]
CA006106362, [(1880, -8.404371584699453, 114.76229508196721)]
CA006108060, [(1883, -51.706849315068496, 83.74246575342465)]
CA006110549, [(1881, 8.81043956043956, 124.85989010989012)]
CA006110605, [(1888, -26.595628415300546, 84.10928961748634)]
CA006112171, [(1888, -1.5534246575342465, 93.4532967032967)]
CA006113000, [(1884, -4.975342465753425, 106.88219178082191)]
CA006113660, [(1881, -36.8159509202454, 115.2469512195122)]
CA006116128, [(1888, 10.626865671641792, 109.83283582089553)]
CA006116254, [(1882, -2.736986301369863, 104.01369863013699)]
CA006120315, [(1886, 14.052054794520547, 121.11780821917809)]
CA006124127, [(1884, 23.370473537604457, 117.70752089136491)]
CA006127887, [(1886, 9.504109589041096, 103.09041095890412)]
CA006129850, [(1882, 23.887671232876713, 127.79178082191781)]
CA006136643, [(1884, 30.7103825136612, 112.6256830601093)]
CA006136694, [(1881, 32.95068493150685, 141.92876712328768)]
CA006137147, [(1887, 17.754820936639117, 132.54820936639118)]
CA006137735, [(1887, 19.30031948881789, 124.6964856230032)]
CA006139445, [(1884, 14.603351955307263, 118.70111731843575)]
CA006139520, [(1881, 36.16932907348243, 149.65495207667732)]
CA006140941, [(1888, 6.59065934065934, 122.57575757575758)]
CA006141095, [(1887, 6.583333333333333, 126.91944444444445)]
CA006141843, [(1886, 2.813698630136986, 110.67671232876712)]
CA006142284, [(1883, -9.26801152737752, 96.95348837209302)]
CA006142993, [(1882, 20.4, 125.36712328767123)]
CA006143083, [(1885, -13.572727272727272, 99.21212121212122)]
CA006143780, [(1881, 27.395833333333332, 128.03424657534248)]
CA006144470, [(1887, 1.1628664495114007, 108.9640522875817)]
CA006144505, [(1888, 10.565573770491802, 110.13661202185793)]
CA006147340, [(1888, -57.064516129032256, 10.32258064516129)]
CA006148100, [(1887, 3.451523545706371, 115.42382271468144)]
CA006148120, [(1882, 13.097701149425287, 118.98275862068965)]
CA006149625, [(1880, 14.114754098360656, 130.18032786885246),(1889, 16.63186813186813, 126.34065934065934)]
CA006150243, [(1889, 1.1835616438356165, 106.47123287671234)]
CA006150913, [(1885, -12.138643067846608, 91.79464285714286)]
CA006152007, [(1886, 8.238888888888889, 118.21111111111111)]
CA006153192, [(1883, 0.07945205479452055, 125.9013698630137)]
CA006155876, [(1884, 8.132231404958677, 118.10989010989012)]
CA006158350, [(1888, 13.60655737704918, 105.74863387978142)]
CA006160465, [(1885, -42.50898203592814, 96.90390390390391)]
CA006163156, [(1888, 26.438095238095237, 145.6904761904762)]
CA006164297, [(1887, -21.567307692307693, 84.54304635761589)]
CA006164430, [(1883, -20.77900552486188, 97.59116022099448)]
CA006165716, [(1884, 9.829090909090908, 144.04727272727274)]
CA006166416, [(1883, -7.728155339805825, 107.91585760517799)]
CA007016280, [(1880, -14.005464480874316, 90.32786885245902),(1889, 1.736986301369863, 85.73972602739725)]
CA007021952, [(1883, -45.676712328767124, 68.86027397260274)]
CA007021954, [(1884, 2.6149425287356323, 106.17260273972603)]
CA007023240, [(1888, -6.560109289617486, 87.05737704918033)]
CA007025280, [(1888, 3.2240437158469946, 85.93989071038251)]
CA007026465, [(1885, -36.172602739726024, 94.18082191780822)]
CA007050200, [(1880, 20.009615384615383, 96.90291262135922),(1889, -0.4849315068493151, 53.553424657534244)]
CA007050790, [(1884, -11.901639344262295, 58.349726775956285)]
CA007056067, [(1887, -36.986301369863014, 50.0986301369863)]
CA007061440, [(1884, -42.507751937984494, 60.34177215189873)]
CA008100500, [(1888, -24.799418604651162, 101.84507042253522)]
CA008100990, [(1884, -22.873972602739727, 88.76986301369863)]
CA008101170, [(1884, -37.603305785123965, 64.73351648351648)]
CA008101700, [(1882, -17.356164383561644, 103.88493150684931)]
CA008101920, [(1884, 13.775956284153006, 99.34426229508196)]
CA008104600, [(1880, 24.80952380952381, 104.05191256830601),(1889, 18.561643835616437, 113.88219178082191)]
CA008104800, [(1887, -0.38082191780821917, 92.01369863013699)]
CA008200150, [(1883, -25.854166666666668, 119.88333333333334)]
CA008200300, [(1880, -15.714776632302405, 96.01027397260275)]
CA008202198, [(1887, 14.953424657534246, 112.9068493150685)]
CA008204420, [(1885, 15.794520547945206, 112.07397260273973)]
CA008204480, [(1888, -33.32258064516129, 25.225806451612904)]
CA008205698, [(1888, 6.7349726775956285, 97.47814207650273)]
CA008205988, [(1883, -20.635258358662615, 94.42944785276073)]
CA008206490, [(1882, 22.569014084507042, 91.75071633237822)]
CA008300298, [(1886, -33.29834254143646, 61.92265193370166)]
CA008300441, [(1884, -14.07103825136612, 80.57103825136612)]
CA008401125, [(1880, -107.2396694214876, -0.8)]
CA008403500, [(1884, -11.084699453551913, 80.74863387978142)]
CA008500500, [(1886, -26.054131054131055, 17.59259259259259)]
CE000043497, [(1880, 237.01381215469613, 306.5382513661202),(1889, 235.78082191780823, 306.6876712328767)]
CE000434730, [(1885, 98.83791208791209, 198.40384615384616)]
CYE00100074, [(1883, 67.87037037037037, 262.36164383561646)]
DA000021100, [(1887, 44.97808219178082, 97.13424657534246)]
DA000025140, [(1888, 41.0, 91.39071038251366)]
DA000027080, [(1880, 43.314207650273225, 109.77322404371584),(1889, 49.1013698630137, 106.69315068493151)]
DA000030380, [(1880, 34.21584699453552, 113.31147540983606),(1889, 39.726027397260275, 112.02191780821917)]
DA000032030, [(1883, 50.78082191780822, 96.6082191780822)]
EGE00147732, [(1889, 157.96164383561643, 277.34520547945203)]
EI000003969, [(1888, 46.81693989071038, 120.55191256830601)]
EIE00101859, [(1880, 65.0327868852459, 139.19672131147541),(1889, 72.71703296703296, 137.3543956043956)]
EZE00100082, [(1886, 58.893150684931506, 128.96438356164384)]
FRE00104937, [(1888, 0.0, 9990.0)]
GG000037545, [(1881, 73.63287671232877, 0.0)]
GLE00100981, [(1885, -83.55681818181819, 0.0)]
GM000002698, [(1888, 46.0792349726776, 126.95081967213115)]
GM000003319, [(1885, 41.463013698630135, 126.40821917808219)]
GM000004063, [(1882, 44.10526315789474, 131.51246537396122)]
GM000004199, [(1881, 34.276712328767125, 119.81643835616438)]
GM000004204, [(1882, 43.25479452054795, 141.05479452054794)]
GM000010962, [(1886, 29.2, 100.53972602739726)]
GMW00035032, [(1880, 60.59836065573771, 142.06284153005464),(1889, 57.12876712328767, 130.27945205479452)]
HR000142360, [(1882, 74.46849315068494, 159.6054794520548)]
HRE00105182, [(1880, 41.306569343065696, 139.62408759124088)]
HRE00105189, [(1888, 126.94535519125684, 0.0)]
ITE00100550, [(1886, 95.1041095890411, 173.81917808219177)]
ITE00100554, [(1888, 83.19945355191257, 166.2486338797814)]
RSM00022550, [(1883, -7.616438356164384, 45.11506849315069)]
RSM00024959, [(1889, -110.3490909090909, 0.0)]
RSM00026063, [(1889, 8.145205479452056, 78.76986301369863)]
RSM00026477, [(1889, 3.8550724637681157, 106.2316715542522)]
RSM00028440, [(1885, -139.86885245901638, -62.08196721311475)]
RSM00029263, [(1884, -60.82779456193354, 0.0)]
RSM00031369, [(1884, -83.46666666666667, 0.0)]
RSM00032061, [(1888, -48.35245901639344, 0.0)]
RSM00034880, [(1889, -113.19354838709677, -62.516129032258064)]
RSM00037472, [(1889, 82.81818181818181, 0.0)]
SZ000002220, [(1885, -37.747252747252745, 16.365384615384617)]
SZ000006717, [(1888, -52.240437158469945, 17.23224043715847)]
TSE00147769, [(1888, 117.39520958083833, 231.70278637770897)]
TSE00147775, [(1888, 157.72727272727272, 219.51704545454547)]
UK000000000, [(1887, 42.397260273972606, 123.74794520547945)]
UK000003026, [(1882, 51.1945205479452, 107.4423076923077)]
UK000047811, [(1884, 49.62841530054645, 129.3551912568306)]
UK000056225, [(1882, 64.47397260273972, 138.3041095890411)]
UPM00033345, [(1882, 36.06575342465754, 115.91232876712328)]
UPM00033587, [(1889, 16.19402985074627, 103.96417910447761)]
UPM00033889, [(1887, 58.777472527472526, 186.91538461538462)]
USC00015555, [(1888, 134.47267759562843, 239.44535519125682)]
USC00023096, [(1889, 118.90119760479043, 212.73952095808383)]
USC00034251, [(1888, 110.41436464088397, 212.5785123966942)]
USC00034562, [(1883, 162.864406779661, 302.7345971563981)]
USC00034988, [(1886, -33.847457627118644, 64.83050847457628)]
USC00035186, [(1889, 131.08878504672896, 260.1121495327103)]
USC00035754, [(1885, 206.44871794871796, 315.716814159292)]
USC00043157, [(1880, 0.0, 150.98907103825135),(1889, 28.410958904109588, 175.0)]
USC00047738, [(1886, 125.16986301369863, 198.14520547945204)]
USC00064767, [(1885, 31.34246575342466, 148.68493150684932)]
USC00090284, [(1883, -25.0, 0.0)]
USC00090430, [(1887, 97.56712328767124, 198.5808219178082)]
USC00117391, [(1880, 151.6413043478261, 281.9347826086956),(1889, 44.654794520547945, 158.46027397260275)]
USC00134049, [(1884, 58.15223880597015, 119.5223880597015)]
USC00174230, [(1888, -6.509578544061303, 74.6526717557252)]
USC00175070, [(1885, 118.38709677419355, 239.21875)]
USC00176902, [(1886, 26.616438356164384, 111.9041095890411)]
USC00190595, [(1888, 8.350819672131147, 94.11475409836065)]
USC00191650, [(1886, 49.05234159779614, 129.5702479338843)]
USC00191820, [(1887, 37.52694610778443, 115.1556886227545)]
USC00192010, [(1889, 39.010989010989015, 144.87016574585635)]
USC00193625, [(1888, 20.24858757062147, 383.0)]
USC00194360, [(1888, 36.48087431693989, 115.17486338797814)]
USC00194795, [(1888, 25.161643835616438, 125.94808743169399)]
USC00195145, [(1889, 97.40579710144928, 165.44174757281553)]
USC00196770, [(1887, 28.750692520775623, 132.81994459833794)]
USC00197122, [(1889, 180.55737704918033, 244.49180327868854)]
USC00198374, [(1885, 71.64673913043478, 176.79738562091504)]
USC00215638, [(1889, 3.336986301369863, 115.52876712328766)]
USC00241418, [(1882, -78.0, -11.0)]
USC00263515, [(1889, 105.20276497695852, 261.6857142857143)]
USC00264939, [(1887, 15.810958904109588, 171.0082191780822)]
USC00268349, [(1888, -20.283185840707965, 127.92035398230088)]
USC00271678, [(1889, 35.23835616438356, 139.3901098901099)]
USC00271682, [(1888, 17.669398907103826, 120.96174863387978)]
USC00275072, [(1885, 62.70909090909091, 179.57818181818183)]
USC00275997, [(1887, -25.663716814159294, 94.12389380530973)]
USC00278440, [(1889, 0.0, 322.0)]
USC00278854, [(1889, 14.927007299270073, 112.61924686192468)]
USC00279307, [(1886, -21.58, 122.93288590604027)]
USC00287865, [(1884, 76.98907103825137, 152.55464480874318)]
USC00288878, [(1888, 90.25956284153006, 158.39617486338798)]
USC00298072, [(1886, 31.643835616438356, 153.91232876712328)]
USC00300958, [(1889, 45.99173553719008, 116.7457627118644)]
USC00301010, [(1882, 46.915068493150685, 119.23561643835616)]
USC00307633, [(1889, 21.278145695364238, 97.98675496688742)]
USC00319462, [(1886, 115.44109589041096, 221.86027397260273)]
USC00331662, [(1884, 48.15300546448088, 137.58743169398906)]
USC00338366, [(1888, 39.459016393442624, 134.34699453551912)]
USC00343300, [(1886, 94.83561643835617, 227.3890410958904)]
USC00413257, [(1882, 113.95541401273886, 243.38535031847132)]
USC00419421, [(1883, 193.3177570093458, 342.1448598130841)]
USC00431072, [(1884, -66.7109375, 110.88709677419355)]
USC00456109, [(1888, 55.885245901639344, 157.47540983606558)]
USC00464045, [(1887, 59.90684931506849, 167.17260273972602)]
USC00474375, [(1883, 19.465753424657535, 107.31506849315069)]
USC00474966, [(1880, 42.814207650273225, 135.86338797814207),(1889, 36.62739726027397, 126.75068493150685)]
USC00475484, [(1884, 26.0327868852459, 110.49726775956285)]
USW00012945, [(1888, 193.45054945054946, 297.38461538461536)]
USW00013724, [(1886, 69.33972602739726, 148.01643835616437)]
USW00013736, [(1880, 77.72131147540983, 171.68852459016392)]
USW00013984, [(1887, 48.4027397260274, 176.93150684931507)]
USW00014838, [(1885, 14.065573770491802, 108.99346405228758)]
USW00014898, [(1888, 4.959016393442623, 98.57650273224044)]
USW00014936, [(1883, -10.898630136986302, 114.93698630136986)]
USW00023271, [(1888, 97.72328767123288, 230.53698630136986)]
USW00024128, [(1883, -29.64457831325301, 123.53012048192771)]
USW00024274, [(1881, 74.21917808219177, 158.7780821917808)]
USW00053875, [(1881, 115.65205479452055, 211.85205479452054)]
USW00053919, [(1888, 116.6875, 242.25)]
USW00093725, [(1880, 82.8224043715847, 184.05191256830602),(1889, 83.17534246575343, 175.21369863013697)]
USW00093852, [(1888, 159.4808743169399, 257.344262295082)]
USW00094728, [(1882, 73.3972602739726, 146.64383561643837)]
UZM00038457, [(1883, 105.08088235294117, 216.35029940119762)]
