AGE00147705, [(1889, 144.26666666666668, 220.3910447761194)]
AGE00147708, [(1886, 128.05498281786942, 255.4794520547945)]
AGE00147711, [(1889, 88.80877742946709, 197.95731707317074)]
AGE00147713, [(1881, 79.34246575342466, 214.39178082191782)]
AGE00147716, [(1887, 130.95211267605634, 220.19774011299435)]
AGE00147717, [(1883, 90.51785714285714, 238.77380952380952)]
AGE00147718, [(1888, 152.98333333333332, 277.3388888888889)]
ASN00015540, [(1885, 118.48901098901099, 296.6849315068493)]
ASN00026026, [(1887, 94.06301369863014, 187.1917808219178)]
ASN00035027, [(1889, 193.8860759493671, 319.7037037037037)]
ASN00038003, [(1889, 176.67123287671234, 329.94246575342464)]
ASN00048013, [(1884, 149.28142076502732, 288.3169398907104)]
ASN00048030, [(1882, 112.65650969529086, 0.0)]
ASN00052026, [(1882, 115.3125, 297.55670103092785)]
ASN00055023, [(1882, 111.65530303030303, 296.70075757575756)]
ASN00056017, [(1887, 99.03835616438356, 208.9890410958904)]
ASN00063004, [(1884, 62.44615384615385, 216.15)]
ASN00065016, [(1888, 90.10655737704919, 270.70652173913044)]
ASN00066062, [(1883, 129.81643835616438, 206.47123287671232)]
ASN00072151, [(1884, 74.73817034700315, 241.02523659305993)]
ASN00074128, [(1887, 77.68589743589743, 270.9392971246006)]
ASN00086071, [(1884, 92.66939890710383, 192.9016393442623)]
ASN00090015, [(1882, 100.55068493150685, 192.75068493150684)]
ASN00094029, [(1888, 71.76923076923077, 167.4010989010989)]
AU000005010, [(1880, 49.94808743169399, 122.77322404371584),(1889, 44.29041095890411, 109.48493150684932)]
AU000005901, [(1883, 54.24109589041096, 128.27671232876713)]
AU000006306, [(1883, 39.88767123287671, 123.52328767123288)]
AU000011801, [(1884, 44.5, 126.22131147540983)]
AU000015410, [(1887, -98.05479452054794, -49.83561643835616)]
BE000006447, [(1884, 59.01639344262295, 138.84699453551912)]
CA001066336, [(1886, 57.160377358490564, 130.1822429906542)]
CA001090660, [(1889, -21.29639889196676, 80.1606648199446)]
CA001167635, [(1882, -33.05084745762712, 64.77966101694915)]
CA003012195, [(1880, -39.47674418604651, 76.27906976744185),(1889, -15.112328767123287, 116.6054794520548)]
CA003031093, [(1888, -37.97540983606557, 91.42622950819673)]
CA003050520, [(1889, -86.03973509933775, 59.794701986754966)]
CA003072145, [(1882, -81.19263456090651, 70.77259475218659)]
CA003072657, [(1889, -67.59025787965616, 24.616045845272208)]
CA004013030, [(1889, -7.787234042553192, 134.41228070175438)]
CA004016560, [(1887, -74.68767123287671, 61.36986301369863)]
CA004028035, [(1887, -54.09041095890411, 81.32328767123288)]
CA004040420, [(1883, -196.5549132947977, -58.60919540229885)]
CA005011760, [(1882, -57.06849315068493, 61.945205479452056)]
CA005012540, [(1885, -10.889795918367346, 133.3045267489712)]
CA005022790, [(1886, -60.035714285714285, 75.50824175824175)]
CA005023243, [(1883, -80.62191780821918, 47.45753424657534)]
CA005063350, [(1886, -125.3013698630137, -39.515068493150686)]
CA006046588, [(1882, -33.67123287671233, 78.12602739726027)]
CA006075400, [(1882, -189.00757575757575, -64.71212121212122)]
CA006085023, [(1889, -38.403225806451616, 119.78453038674033)]
CA006100969, [(1885, 28.350993377483444, 122.58940397350993)]
CA006101872, [(1885, -6.901369863013699, 97.46301369863014)]
CA006102417, [(1880, 19.841216216216218, 144.565371024735)]
CA006104185, [(1888, 12.972677595628415, 101.71584699453553)]
CA006105887, [(1887, -11.535714285714286, 100.4532967032967)]
CA006106362, [(1886, -6.237430167597766, 108.9047619047619)]
CA006107003, [(1887, -24.707988980716255, 110.72176308539945)]
CA006108060, [(1880, -28.311475409836067, 100.5792349726776),(1889, -16.616438356164384, 106.23835616438356)]
CA006110549, [(1887, 2.087912087912088, 114.87637362637362)]
CA006110605, [(1885, -32.0986301369863, 80.13424657534246)]
CA006111375, [(1889, -20.18384401114206, 105.49025069637884)]
CA006111766, [(1888, -18.263736263736263, 103.48901098901099)]
CA006112171, [(1885, -2.304109589041096, 86.47802197802197)]
CA006113000, [(1881, 4.337912087912088, 115.71703296703296)]
CA006116128, [(1885, -24.057692307692307, 84.68406593406593)]
CA006116254, [(1888, -22.93169398907104, 89.86065573770492)]
CA006119064, [(1889, -25.03361344537815, 107.26610644257703)]
CA006120315, [(1883, 7.779944289693593, 110.28969359331477)]
CA006122845, [(1885, 10.95068493150685, 97.8986301369863)]
CA006124127, [(1881, -41.53146853146853, 125.38028169014085)]
CA006127887, [(1883, -5.586301369863014, 96.04657534246576)]
CA006129850, [(1888, 7.644808743169399, 112.41256830601093)]
CA006136643, [(1881, 38.63835616438356, 125.37808219178082)]
CA006136694, [(1887, 23.69041095890411, 124.87671232876713)]
CA006137735, [(1884, 14.041533546325878, 126.98722044728434)]
CA006139445, [(1881, 16.01851851851852, 125.16666666666667)]
CA006139520, [(1887, 24.4185303514377, 146.2523961661342)]
CA006140941, [(1885, -4.590909090909091, 111.2215909090909)]
CA006141095, [(1884, 1.129120879120879, 118.90934065934066)]
CA006141843, [(1883, -13.346153846153847, 96.5702479338843)]
CA006142284, [(1889, 22.243835616438357, 115.58630136986301)]
CA006143083, [(1882, 28.480555555555554, 119.77285318559557)]
CA006143780, [(1887, -51.77777777777778, 35.28169014084507)]
CA006144470, [(1884, -0.08256880733944955, 117.4329268292683)]
CA006144505, [(1885, 1.5041095890410958, 103.7972602739726)]
CA006148100, [(1884, 3.9972602739726026, 114.6027397260274)]
CA006149625, [(1886, 4.526027397260274, 117.16712328767123)]
CA006150913, [(1882, 12.510263929618768, 109.32058823529412)]
CA006152007, [(1883, -1.4022038567493114, 110.36088154269973)]
CA006153192, [(1880, 32.54644808743169, 140.3415300546448)]
CA006158350, [(1885, 4.287671232876712, 98.61643835616438)]
CA006160465, [(1882, -54.561797752808985, 46.70454545454545)]
CA006164297, [(1884, -6.307926829268292, 153.27678571428572)]
CA006164430, [(1880, 11.304477611940298, 125.7641791044776),(1889, 7.2027397260273975, 113.8986301369863)]
CA006165195, [(1889, -15.849315068493151, 117.48493150684932)]
CA006166416, [(1880, 6.469178082191781, 126.9090909090909)]
CA007016280, [(1886, -18.372602739726027, 80.73424657534247)]
CA007021952, [(1880, -22.707650273224044, 88.28142076502732),(1889, -17.03835616438356, 90.83561643835617)]
CA007021954, [(1881, -1.7743732590529249, 109.73184357541899)]
CA007023240, [(1885, -10.36986301369863, 85.98630136986301)]
CA007024280, [(1889, -10.550595238095237, 99.92307692307692)]
CA007025280, [(1885, -0.536986301369863, 86.04657534246576)]
CA007026465, [(1882, -16.892857142857142, 97.89041095890411)]
CA007050200, [(1886, -5.720547945205479, 49.608219178082194)]
CA007050790, [(1881, -8.498245614035088, 50.14385964912281)]
CA007056067, [(1884, -43.81147540983606, 51.17486338797814)]
CA007061440, [(1881, -78.12307692307692, 30.653846153846153)]
CA007066688, [(1889, -21.87945205479452, 73.84657534246575)]
CA007095000, [(1885, -95.59715639810426, 27.07035175879397)]
CA008100500, [(1885, -22.20234604105572, 100.80351906158357)]
CA008100990, [(1881, -11.057534246575342, 100.58904109589041)]
CA008101170, [(1881, -18.22316384180791, 73.91292134831461)]
CA008101700, [(1888, -14.062841530054644, 93.02459016393442)]
CA008104600, [(1886, 4.671232876712328, 105.6082191780822)]
CA008104800, [(1884, 0.23224043715846995, 89.59289617486338)]
CA008200150, [(1880, -57.935483870967744, 0.0)]
CA008202198, [(1884, 15.710382513661202, 105.35519125683061)]
CA008204420, [(1882, 5.446575342465754, 91.55342465753425)]
CA008204480, [(1885, 4.576086956521739, 141.56521739130434)]
CA008205698, [(1885, 3.3232876712328765, 102.23561643835616)]
CA008205988, [(1880, -6.401639344262295, 113.03825136612022),(1889, 17.818181818181817, 125.12947658402204)]
CA008206410, [(1881, 21.284900284900285, 103.45425867507886)]
CA008206490, [(1888, 22.661202185792348, 91.90163934426229)]
CA008300298, [(1883, -4.336986301369863, 87.36986301369863)]
CA008300441, [(1881, -2.7793296089385473, 86.62011173184358)]
CA008403500, [(1881, 0.8410958904109589, 83.75068493150685)]
CE000043497, [(1886, 233.31506849315068, 288.6011235955056)]
CE000434730, [(1882, 101.16438356164383, 190.82465753424657)]
CYE00100074, [(1889, 135.24786324786325, 263.0412087912088)]
DA000021100, [(1884, 57.87431693989071, 107.76775956284153)]
DA000025140, [(1885, 46.07397260273972, 100.40821917808219)]
DA000027080, [(1886, 42.94794520547945, 103.9068493150685)]
DA000030380, [(1886, 32.4, 114.79178082191781)]
DA000032030, [(1880, 53.33879781420765, 102.08196721311475),(1889, 50.057534246575344, 96.37808219178082)]
EGE00147726, [(1886, 117.07945205479452, 246.60179640718562)]
EGE00147732, [(1886, 155.03296703296704, 269.69505494505495)]
EI000003969, [(1885, 43.62465753424657, 121.35890410958905)]
EIE00101859, [(1886, 66.25479452054795, 128.55616438356165)]
EZE00100082, [(1883, 55.1945205479452, 122.53972602739726)]
FRE00104937, [(1885, 0.0, 9990.0)]
GG000037545, [(1887, 77.95616438356164, 0.0)]
GLE00100981, [(1882, -104.91506849315068, 0.0)]
GM000002698, [(1885, 51.3041095890411, 138.43561643835616)]
GM000003319, [(1882, 59.33150684931507, 137.9808219178082)]
GM000004063, [(1888, 34.45628415300546, 122.5464480874317)]
GM000004199, [(1887, 28.063013698630137, 112.16712328767123)]
GM000004204, [(1888, 29.453551912568305, 127.34699453551913)]
GM000010962, [(1883, 18.024657534246575, 94.71780821917808)]
GMW00035032, [(1886, 60.56164383561644, 140.96712328767123)]
HR000142360, [(1888, 58.73497267759563, 139.34426229508196)]
HRE00105189, [(1885, 136.07671232876712, 200.44109589041096)]
ITE00100550, [(1883, 100.73698630136987, 163.33424657534246)]
ITE00100554, [(1885, 92.71232876712328, 170.70958904109588)]
RSM00022550, [(1889, -8.016438356164384, 44.47123287671233)]
RSM00023711, [(1889, -36.19867549668874, 0.0)]
RSM00026063, [(1886, 11.35890410958904, 81.6986301369863)]
RSM00026477, [(1886, 6.466480446927374, 97.80167597765363)]
RSM00027857, [(1883, -11.347945205479451, 0.0)]
RSM00028275, [(1888, -51.743169398907106, 0.0)]
RSM00028440, [(1882, -43.97095435684647, 0.0)]
RSM00030710, [(1889, -91.28493150684932, 47.18904109589041)]
RSM00031369, [(1881, -260.82142857142856, 0.0)]
RSM00032061, [(1885, -64.02465753424657, 0.0)]
RSM00032071, [(1887, -69.23988439306359, 0.0)]
RSM00034880, [(1886, 8.458563535911603, 111.61878453038673)]
RSM00037472, [(1886, 84.03013698630137, 0.0)]
SZ000002220, [(1882, -49.33606557377049, -3.3140495867768593)]
SZ000006717, [(1885, -43.8054794520548, 14.967123287671233)]
TS000060765, [(1887, 122.47802197802197, 258.532967032967)]
UK000000000, [(1884, 59.46174863387978, 137.51092896174865)]
UK000003026, [(1888, 43.05191256830601, 101.33060109289617)]
UK000047811, [(1881, 46.013698630136986, 115.14520547945206)]
UK000056225, [(1888, 52.0, 122.8688524590164)]
UPM00033345, [(1888, 15.068306010928962, 104.3688524590164)]
UPM00033910, [(1887, 62.26575342465753, 0.0)]
UPM00033946, [(1887, 58.667655786350146, 0.0)]
USC00015555, [(1885, 121.38356164383562, 228.1205479452055)]
USC00030936, [(1888, 193.86486486486487, 302.6857142857143)]
USC00033466, [(1887, -13.774193548387096, 141.78571428571428)]
USC00034251, [(1885, 114.9478021978022, 219.4120879120879)]
USC00034562, [(1889, 158.89221556886227, 286.47513812154693)]
USC00034988, [(1883, 145.61290322580646, 247.7741935483871)]
USC00035186, [(1886, 180.4240506329114, 301.6158536585366)]
USC00043157, [(1886, 28.980821917808218, 159.52307692307693)]
USC00047738, [(1883, 124.55068493150685, 205.0027397260274)]
USC00053010, [(1882, -51.3013698630137, 133.97527472527472)]
USC00061536, [(1885, 17.305295950155763, 152.94637223974763)]
USC00064767, [(1882, 36.441095890410956, 147.33150684931508)]
USC00065445, [(1885, 2.643835616438356, 113.20547945205479)]
USC00067361, [(1889, 48.870523415977964, 145.62809917355372)]
USC00068138, [(1889, 40.797260273972604, 129.39221556886227)]
USC00090284, [(1889, -20.130434782608695, 0.0)]
USC00090430, [(1884, 129.4, 250.78775510204082)]
USC00144559, [(1880, 48.94505494505494, 91.42857142857143)]
USC00173046, [(1887, 11.791780821917808, 115.43013698630136)]
USC00174230, [(1885, -25.348837209302324, 57.252873563218394)]
USC00176902, [(1883, 33.989041095890414, 125.42191780821918)]
USC00190595, [(1885, 79.84210526315789, 165.40758293838863)]
USC00191097, [(1887, 41.460055096418735, 132.12983425414365)]
USC00192010, [(1886, -15.75414364640884, 4.387096774193548)]
USC00193625, [(1885, -3.5543478260869565, 0.0)]
USC00194012, [(1888, 27.401960784313726, 168.0033222591362)]
USC00194360, [(1885, 15.119565217391305, 90.22826086956522)]
USC00194795, [(1885, 74.33061224489796, 178.58775510204083)]
USC00194875, [(1889, 40.49258160237389, 160.4807121661721)]
USC00195317, [(1888, -85.85393258426966, 16.786516853932586)]
USC00195891, [(1887, -47.5, 161.5)]
USC00196988, [(1888, 15.382513661202186, 92.3743169398907)]
USC00198375, [(1887, 43.713467048710605, 155.0911680911681)]
USC00199731, [(1887, 16.177966101694917, 119.36723163841808)]
USC00200032, [(1889, 6.372093023255814, 118.8543046357616)]
USC00207097, [(1889, 46.596774193548384, 155.43548387096774)]
USC00215638, [(1886, -9.591780821917808, 103.41208791208791)]
USC00260507, [(1888, 33.34530386740332, 163.19945355191257)]
USC00266252, [(1888, 14.446022727272727, 183.33879781420765)]
USC00271678, [(1886, 24.942465753424656, 132.8027397260274)]
USC00271682, [(1885, 15.035616438356165, 126.72328767123288)]
USC00278440, [(1886, 30.936893203883496, 178.1504854368932)]
USC00278854, [(1886, 0.949438202247191, 113.87845303867404)]
USC00278875, [(1886, -106.03389830508475, -32.13559322033898)]
USC00287865, [(1881, 81.94246575342466, 157.34246575342465)]
USC00298072, [(1883, 3.915151515151515, 128.35151515151514)]
USC00300958, [(1886, 30.184782608695652, 119.27173913043478)]
USC00301010, [(1888, 32.96448087431694, 108.93989071038251)]
USC00307633, [(1886, 63.057534246575344, 142.0191780821918)]
USC00316103, [(1882, 124.78260869565217, 0.0)]
USC00319191, [(1887, 12.172413793103448, 117.79310344827586)]
USC00319462, [(1883, 133.56986301369864, 225.17808219178082)]
USC00331662, [(1881, 58.276712328767125, 139.27123287671233)]
USC00338366, [(1885, 40.25205479452055, 128.57260273972602)]
USC00343300, [(1883, 93.0702479338843, 223.34297520661158)]
USC00367239, [(1887, 36.79178082191781, 145.43835616438355)]
USC00383742, [(1887, 155.6611111111111, 296.3222222222222)]
USC00456109, [(1885, 59.084931506849315, 168.36438356164385)]
USC00464045, [(1884, 50.076502732240435, 166.94535519125682)]
USC00474375, [(1880, 37.86612021857923, 131.75409836065575),(1889, 29.269972451790633, 133.90358126721762)]
USC00474966, [(1886, 25.67945205479452, 121.61917808219178)]
USC00475484, [(1881, 42.104109589041094, 121.76986301369863)]
USW00012945, [(1885, 198.58695652173913, 301.0869565217391)]
USW00013724, [(1883, 68.96438356164384, 143.73698630136985)]
USW00014838, [(1882, 14.95068493150685, 106.53892215568862)]
USW00014936, [(1889, 0.3972602739726027, 138.47397260273974)]
USW00023068, [(1884, 64.97005988023952, 180.53592814371257)]
USW00023271, [(1885, 110.64931506849315, 229.6767123287671)]
USW00024128, [(1880, 2.9201183431952664, 172.28994082840237),(1889, 20.66849315068493, 179.0904109589041)]
USW00024274, [(1887, 65.4986301369863, 162.06849315068493)]
USW00053875, [(1887, 104.66027397260274, 215.75068493150684)]
USW00053919, [(1885, 172.93023255813952, 301.9022988505747)]
USW00093725, [(1886, 71.98082191780821, 137.4794520547945)]
USW00093820, [(1887, -11.491803278688524, 95.09836065573771)]
USW00093852, [(1885, 159.42191780821918, 247.27671232876713)]
USW00094728, [(1888, 57.221311475409834, 136.84699453551912)]
UZM00038457, [(1889, -127.61290322580645, 0.0)]
UZM00038618, [(1884, 65.8224043715847, 0.0)]
