AGE00135039, [(1889, 125.58739255014326, 212.13698630136986)]
AGE00147705, [(1886, 0.0, 154.0)]
AGE00147709, [(1888, 97.2967032967033, 176.82967032967034)]
AGE00147711, [(1886, 110.66887417218543, 227.06270627062707)]
AGE00147713, [(1887, 82.69578313253012, 205.98159509202455)]
AGE00147715, [(1888, 93.30113636363636, 238.87921348314606)]
AGE00147716, [(1884, 128.09562841530055, 219.10655737704917)]
AGE00147717, [(1880, 72.45628415300547, 233.9917808219178),(1889, 71.63636363636364, 228.19819819819818)]
AGE00147718, [(1885, 147.18662952646238, 270.0640668523677)]
AM000037789, [(1888, -15.262295081967213, 0.0)]
ASN00014016, [(1888, 234.3415300546448, 336.3224043715847)]
ASN00015540, [(1882, 133.57260273972602, 284.91506849315067)]
ASN00023000, [(1889, 120.32054794520548, 217.01643835616437)]
ASN00026026, [(1884, 94.87931034482759, 187.10526315789474)]
ASN00040214, [(1889, 160.23013698630137, 255.94794520547944)]
ASN00048013, [(1881, 139.91242937853107, 273.59322033898303)]
ASN00048030, [(1888, 128.224043715847, 299.3415300546448)]
ASN00052026, [(1888, 122.95027624309392, 265.27197802197804)]
ASN00055023, [(1888, 127.4, 267.9446808510638)]
ASN00056017, [(1884, 72.86944444444444, 241.19166666666666)]
ASN00063004, [(1881, 61.52290076335878, 202.04961832061068)]
ASN00065016, [(1885, 95.59943977591037, 259.08813559322033)]
ASN00066062, [(1880, 133.54918032786884, 208.04918032786884),(1889, 143.06849315068493, 207.27671232876713)]
ASN00072151, [(1881, 89.10526315789474, 225.0)]
ASN00074128, [(1884, 75.37179487179488, 252.74358974358975)]
ASN00086071, [(1881, 95.26575342465753, 194.9150684931507)]
ASN00090015, [(1888, 103.97540983606558, 181.23626373626374)]
ASN00094029, [(1885, 75.40273972602739, 163.37808219178083)]
AU000005010, [(1886, 49.1945205479452, 120.56438356164384)]
AU000005901, [(1880, 57.12841530054645, 138.99180327868854),(1889, 52.18630136986302, 123.26301369863013)]
AU000006306, [(1880, 45.47540983606557, 131.1830601092896),(1889, 46.61917808219178, 125.73424657534247)]
AU000011801, [(1881, 36.14794520547945, 131.0191780821918)]
BE000006447, [(1881, 49.276712328767125, 126.63287671232877)]
CA001105550, [(1882, -19.796610169491526, 30.016949152542374)]
CA001114620, [(1881, 38.68975903614458, 138.11746987951807)]
CA001167635, [(1888, 57.858108108108105, 166.77027027027026)]
CA003012195, [(1886, -53.556164383561644, 83.16712328767123)]
CA003031093, [(1885, -32.34550561797753, 121.79213483146067)]
CA003032680, [(1885, 40.857142857142854, 173.06349206349208)]
CA003033879, [(1886, 35.877450980392155, 168.83333333333334)]
CA003034480, [(1888, -23.120218579234972, 105.97814207650273)]
CA003072657, [(1886, -89.40495867768595, -4.002754820936639)]
CA004016320, [(1887, -68.13150684931507, 53.153424657534245)]
CA004016560, [(1884, -82.13661202185793, 52.275956284153004)]
CA004040420, [(1880, -102.40963855421687, 62.44159544159544)]
CA004056230, [(1889, -69.85474860335195, 86.45251396648045)]
CA005011760, [(1888, -76.51092896174863, 58.17486338797814)]
CA005012520, [(1887, -87.8, 51.78630136986301)]
CA005022547, [(1883, -87.62191780821918, 52.6986301369863)]
CA005022790, [(1883, -68.53221288515407, 46.39171974522293)]
CA005023243, [(1880, -65.84426229508196, 57.47540983606557),(1889, -45.14520547945205, 92.34246575342466)]
CA005063350, [(1883, -220.9880239520958, -130.67664670658684)]
CA006046588, [(1888, -50.31693989071038, 59.560109289617486)]
CA006059475, [(1889, -63.4027397260274, 75.52054794520548)]
CA006068148, [(1889, 1.9743589743589745, 105.82934131736526)]
CA006085023, [(1886, 17.48971193415638, 141.3827160493827)]
CA006085682, [(1887, -139.25806451612902, -36.774193548387096)]
CA006094450, [(1888, -9.028011204481793, 87.24649859943978)]
CA006101872, [(1882, 6.695890410958904, 110.77808219178083)]
CA006104185, [(1885, 3.6575342465753424, 92.91232876712328)]
CA006105887, [(1884, -15.857534246575343, 104.37808219178082)]
CA006106362, [(1883, -23.26795580110497, 99.43093922651934)]
CA006108060, [(1886, -40.9013698630137, 95.21643835616439)]
CA006110549, [(1884, 2.5835616438356164, 109.11232876712329)]
CA006110605, [(1882, -18.528767123287672, 103.2986301369863)]
CA006111766, [(1885, 9.768595041322314, 92.16528925619835)]
CA006112171, [(1882, 13.204918032786885, 94.48360655737704)]
CA006113000, [(1887, -7.7162534435261705, 114.44903581267218)]
CA006113660, [(1884, -8.47985347985348, 108.82051282051282)]
CA006116128, [(1882, 9.167123287671233, 110.48219178082192)]
CA006116254, [(1885, -31.216438356164385, 86.7095890410959)]
CA006119064, [(1886, -7.451086956521739, 124.64673913043478)]
CA006120315, [(1889, 25.375342465753423, 123.16438356164383)]
CA006122845, [(1882, 41.02465753424657, 119.36986301369863)]
CA006124700, [(1887, 12.852054794520548, 122.84657534246575)]
CA006127887, [(1880, 18.505494505494507, 113.56593406593407),(1889, 21.457534246575342, 113.58904109589041)]
CA006129850, [(1885, -0.5287671232876713, 106.45753424657535)]
CA006131388, [(1889, 43.74390243902439, 166.109756097561)]
CA006136335, [(1889, 33.01176470588236, 88.4)]
CA006136643, [(1887, 29.764383561643836, 123.63013698630137)]
CA006136694, [(1884, 19.97814207650273, 126.33333333333333)]
CA006137735, [(1881, 23.910543130990416, 137.1597444089457)]
CA006139520, [(1884, 25.9171974522293, 143.0859872611465)]
CA006140941, [(1882, 21.99142857142857, 131.8942857142857)]
CA006141095, [(1881, 18.728021978021978, 129.1046831955923)]
CA006141843, [(1880, -63.21739130434783, 29.119565217391305),(1889, 13.243835616438357, 117.87945205479453)]
CA006142284, [(1886, 5.989041095890411, 104.04109589041096)]
CA006142993, [(1885, -1.0328767123287672, 105.44657534246575)]
CA006143083, [(1888, 0.48342541436464087, 110.89531680440771)]
CA006144470, [(1881, 26.058282208588956, 134.52147239263803)]
CA006148100, [(1881, 13.808219178082192, 129.16438356164383)]
CA006148120, [(1885, -128.92436974789916, -10.521367521367521)]
CA006149625, [(1883, -10.641456582633053, 109.27731092436974)]
CA006150913, [(1888, 4.5710382513661205, 110.03551912568307)]
CA006152007, [(1889, 20.15068493150685, 128.2)]
CA006153192, [(1886, 6.336986301369863, 132.7123287671233)]
CA006155876, [(1887, 9.30110497237569, 117.49447513812154)]
CA006158350, [(1882, 31.076712328767123, 117.89315068493151)]
CA006164297, [(1881, 13.901360544217686, 0.0)]
CA006164430, [(1886, -9.221917808219178, 113.05205479452054)]
CA006165195, [(1886, -114.98360655737704, -3.7868852459016393)]
CA006165716, [(1887, -34.63013698630137, 112.21917808219177)]
CA006166416, [(1886, -3.6016483516483517, 118.82142857142857)]
CA007016280, [(1883, -27.972602739726028, 74.45753424657535)]
CA007021952, [(1886, -30.28021978021978, 82.70604395604396)]
CA007021954, [(1887, -11.74251497005988, 112.23652694610779)]
CA007023240, [(1882, 6.676880222841226, 99.2284122562674)]
CA007025280, [(1882, 12.953424657534246, 98.17808219178082)]
CA007026465, [(1888, -30.44931506849315, 89.19945355191257)]
CA007050200, [(1883, -23.931506849315067, 34.88493150684931)]
CA007050790, [(1887, -4.249315068493151, 65.6109589041096)]
CA007056067, [(1881, -22.336088154269973, 67.3030303030303)]
CA007061440, [(1887, -39.87536231884058, 72.59428571428572)]
CA008100500, [(1882, -21.20655737704918, 98.72786885245901)]
CA008100990, [(1887, -22.106849315068494, 98.11780821917809)]
CA008101170, [(1887, -27.80979827089337, 77.05763688760807)]
CA008101700, [(1885, -21.54794520547945, 104.68767123287671)]
CA008101920, [(1887, 8.64931506849315, 102.35890410958905)]
CA008103825, [(1887, -11.937125748502995, 100.26726726726727)]
CA008104600, [(1883, -2.9945205479452053, 94.47671232876712)]
CA008104800, [(1881, 14.835616438356164, 87.23835616438356)]
CA008105600, [(1888, -14.170212765957446, 87.21325648414985)]
CA008200150, [(1886, -45.5472972972973, 80.61486486486487)]
CA008200300, [(1883, -26.395061728395063, 83.82644628099173)]
CA008202198, [(1881, 20.21095890410959, 106.93972602739726)]
CA008204420, [(1888, 9.633879781420765, 97.67486338797814)]
CA008205698, [(1882, 3.43013698630137, 93.44657534246575)]
CA008205988, [(1886, 7.198895027624309, 117.35812672176309)]
CA008206490, [(1885, 25.517808219178082, 107.0864553314121)]
CA008300298, [(1880, 3.271978021978022, 91.6456043956044),(1889, 30.15068493150685, 107.17260273972603)]
CA008300430, [(1889, 35.3, 122.68571428571428)]
CA008300441, [(1887, -11.876712328767123, 88.84657534246575)]
CA008401125, [(1883, -33.293150684931504, 0.0)]
CA008403500, [(1887, 1.073972602739726, 89.90958904109588)]
CA008500500, [(1889, -24.21511627906977, 26.441860465116278)]
CE000043497, [(1883, 233.986301369863, 300.2191780821918)]
CE000434730, [(1888, 98.73770491803279, 205.29508196721312)]
CYE00100074, [(1886, 108.99178082191781, 274.6868131868132)]
DA000021100, [(1881, 33.31506849315068, 84.86301369863014)]
DA000025140, [(1882, 59.20879120879121, 109.73150684931507)]
DA000027080, [(1883, 50.81369863013698, 104.59452054794521)]
DA000030380, [(1883, 40.28219178082192, 113.6)]
DA000032030, [(1886, 52.536986301369865, 104.00821917808219)]
EI000003969, [(1882, 50.95616438356164, 129.35342465753425)]
EIE00101859, [(1883, 65.11849710982659, 129.71098265895955)]
EZE00100082, [(1880, 58.71857923497268, 130.62568306010928),(1889, 56.16438356164384, 120.59178082191781)]
FRE00104937, [(1882, 0.0, 9990.0)]
GG000037545, [(1884, 71.19672131147541, 0.0)]
GLE00100981, [(1888, -93.74590163934427, 0.0)]
GM000002698, [(1882, 58.087671232876716, 137.28493150684932)]
GM000003319, [(1888, 45.48360655737705, 115.98360655737704)]
GM000004063, [(1885, 40.59452054794521, 135.4794520547945)]
GM000004199, [(1884, 42.54644808743169, 128.96448087431693)]
GM000004204, [(1885, 31.421917808219177, 132.4986301369863)]
GM000010962, [(1880, 31.34426229508197, 99.86612021857924),(1889, 21.71780821917808, 89.33150684931506)]
GME00121258, [(1889, 42.26849315068493, 125.75616438356164)]
GMW00035032, [(1883, 58.397260273972606, 136.813698630137)]
HR000142360, [(1885, 75.21917808219177, 156.75890410958905)]
HRE00105189, [(1882, 134.27123287671233, 200.06849315068493)]
ITE00100550, [(1880, 97.45901639344262, 177.78415300546447),(1889, 96.7013698630137, 167.58904109589042)]
ITE00100554, [(1882, 93.92876712328767, 176.9972602739726)]
KZ000035188, [(1885, -45.01796407185629, 0.0)]
KZ000035700, [(1886, 0.0, 118.64657534246575)]
RSM00022550, [(1886, -11.715068493150685, 39.843835616438355)]
RSM00023804, [(1889, -29.395604395604394, 0.0)]
RSM00026063, [(1883, 4.638356164383562, 69.97520661157024)]
RSM00026477, [(1883, 17.175824175824175, 97.31985294117646)]
RSM00028440, [(1888, -43.18852459016394, 89.72540983606558)]
RSM00029263, [(1887, -73.16438356164383, 163.77011494252875)]
RSM00031369, [(1887, -64.48474576271187, 0.0)]
RSM00032061, [(1882, -40.583561643835615, 0.0)]
RSM00034880, [(1883, 50.865753424657534, 149.44383561643835)]
RSM00037472, [(1883, 83.6, 0.0)]
SZ000006717, [(1882, -30.339726027397262, 19.865753424657534)]
UK000000000, [(1881, 48.88767123287671, 122.83013698630137)]
UK000003026, [(1885, 41.23013698630137, 99.8958904109589)]
UK000047811, [(1887, 46.45205479452055, 123.67945205479452)]
UK000056225, [(1885, 54.172602739726024, 129.56712328767122)]
UPM00033345, [(1885, 34.56986301369863, 116.33424657534246)]
USC00012386, [(1889, 95.36363636363636, 0.0)]
USC00015555, [(1882, 141.63013698630138, 243.413698630137)]
USC00023096, [(1883, 161.49382716049382, 306.65432098765433)]
USC00030936, [(1885, 187.568345323741, 307.0508474576271)]
USC00034251, [(1882, 129.87671232876713, 219.36438356164385)]
USC00034562, [(1886, 177.35658914728683, 321.07042253521126)]
USC00035754, [(1888, 185.86754966887418, 308.921568627451)]
USC00043157, [(1883, -10.257534246575343, 170.4904109589041)]
USC00046115, [(1889, 145.0, 274.793427230047)]
USC00047738, [(1880, 109.67486338797814, 188.77322404371586),(1889, 127.40821917808219, 212.0109589041096)]
USC00064767, [(1888, 28.47814207650273, 137.224043715847)]
USC00067361, [(1886, 27.63141993957704, 131.42296072507554)]
USC00134049, [(1887, 44.4027397260274, 111.85753424657534)]
USC00171100, [(1889, 35.8644578313253, 133.11854103343464)]
USC00172426, [(1889, 63.0, 124.8)]
USC00172740, [(1887, -3.9461756373937678, 123.90462427745665)]
USC00175070, [(1888, -21.7, 226.33333333333334)]
USC00176902, [(1880, 48.833333333333336, 135.327868852459),(1889, 42.66849315068493, 119.59178082191781)]
USC00177827, [(1888, -180.4, -53.6)]
USC00191097, [(1884, -26.216666666666665, 59.56666666666667)]
USC00191650, [(1889, 61.66301369863014, 135.62465753424658)]
USC00193110, [(1887, 7.976109215017065, 117.36054421768708)]
USC00194012, [(1885, 6.6878453038674035, 154.675)]
USC00194295, [(1887, 51.413698630136984, 132.56986301369864)]
USC00194340, [(1887, 12.613698630136986, 133.92328767123288)]
USC00194405, [(1885, 114.17391304347827, 183.22826086956522)]
USC00194760, [(1887, -47.3728813559322, 38.260504201680675)]
USC00194875, [(1886, 13.24931506849315, 142.2821917808219)]
USC00196988, [(1885, 19.796143250688704, 102.3489010989011)]
USC00198374, [(1888, 19.57704918032787, 126.57377049180327)]
USC00198375, [(1884, -18.016393442622952, 82.1311475409836)]
USC00198960, [(1887, 25.35542168674699, 146.10919540229884)]
USC00200146, [(1889, -13.750915750915752, 118.63157894736842)]
USC00260770, [(1889, 64.21632653061225, 178.37551020408162)]
USC00262708, [(1889, 8.494011976047904, 175.83880597014925)]
USC00268761, [(1887, -60.645161290322584, 74.1923076923077)]
USC00270690, [(1887, -29.22099447513812, 123.35714285714286)]
USC00271682, [(1882, 21.528767123287672, 145.91232876712328)]
USC00275072, [(1888, 15.942424242424243, 123.13432835820896)]
USC00275712, [(1887, 19.70958904109589, 137.63835616438357)]
USC00276944, [(1888, -13.532786885245901, 112.32876712328768)]
USC00277060, [(1886, 29.153191489361703, 166.86666666666667)]
USC00279307, [(1889, -12.453038674033149, 127.11602209944752)]
USC00298072, [(1880, -3.278688524590164, 149.8224043715847),(1889, 37.463013698630135, 159.9972602739726)]
USC00301010, [(1885, 27.69041095890411, 108.16438356164383)]
USC00319462, [(1880, 127.06284153005464, 228.24043715846994),(1889, 127.9013698630137, 216.013698630137)]
USC00331662, [(1887, 49.23013698630137, 141.4794520547945)]
USC00338366, [(1882, 66.42465753424658, 147.6821917808219)]
USC00343300, [(1880, 94.19398907103825, 219.29234972677597),(1889, 94.33424657534246, 220.5013698630137)]
USC00354506, [(1888, -9.5, 110.31651376146789)]
USC00367239, [(1884, 1.6065573770491803, 209.34426229508196)]
USC00383742, [(1884, 147.17757009345794, 286.55607476635515)]
USC00419421, [(1886, 200.88717948717948, 319.3948717948718)]
USC00422996, [(1887, -378.2903225806452, -44.61290322580645)]
USC00431072, [(1887, -73.12037037037037, 92.36531365313652)]
USC00435733, [(1888, -10.702185792349727, 95.7103825136612)]
USC00444876, [(1889, 91.79906542056075, 215.83177570093457)]
USC00456109, [(1882, 50.536986301369865, 141.75616438356164)]
USC00462735, [(1889, 105.15217391304348, 166.54347826086956)]
USC00466207, [(1882, 75.83287671232877, 166.23561643835617)]
USC00474375, [(1886, 38.49589041095891, 133.27472527472528)]
USC00474966, [(1883, 16.473972602739725, 110.64109589041095)]
USC00475484, [(1887, 28.301369863013697, 117.12602739726027)]
USW00013724, [(1880, 77.79508196721312, 157.9672131147541),(1889, 80.64657534246575, 146.2219178082192)]
USW00013736, [(1883, -21.18888888888889, 77.52222222222223)]
USW00014838, [(1888, -10.327868852459016, 75.5792349726776)]
USW00014936, [(1886, -6.978082191780822, 130.44931506849315)]
USW00014971, [(1887, -76.07883817427386, 98.51666666666667)]
USW00023271, [(1882, 93.37362637362638, 212.28021978021977)]
USW00024128, [(1886, 17.13150684931507, 177.4191780821918)]
USW00024274, [(1884, 64.58743169398907, 164.23224043715848)]
USW00053875, [(1884, 107.99180327868852, 208.3551912568306)]
USW00093725, [(1883, 74.31506849315069, 175.42465753424656)]
USW00093852, [(1882, 174.90684931506848, 258.6082191780822)]
USW00094728, [(1885, 64.59452054794521, 143.36712328767123)]
UZM00038618, [(1881, -9.8, 0.0)]
