AGE00135039, [(1888, 136.02203856749313, 220.0986301369863)]
AGE00147709, [(1887, 96.2958904109589, 183.53424657534248)]
AGE00147713, [(1886, 97.62949640287769, 222.97491039426524)]
AGE00147715, [(1887, 113.0, 266.73366834170855)]
AGE00147716, [(1883, 91.61356932153393, 231.7159090909091)]
AGE00147717, [(1888, 77.46556473829202, 235.28925619834712)]
AGE00147719, [(1889, 87.18213058419244, 260.0740740740741)]
AM000037789, [(1887, 49.21643835616438, 0.0)]
ASN00014016, [(1887, 227.14246575342466, 325.87397260273974)]
ASN00015540, [(1881, 133.05205479452056, 303.55890410958904)]
ASN00023000, [(1888, 121.3224043715847, 227.65027322404373)]
ASN00040214, [(1888, 148.58743169398906, 256.77868852459017)]
ASN00048013, [(1880, 123.73546511627907, 283.2093023255814),(1889, 138.62739726027397, 293.4739726027397)]
ASN00048030, [(1887, 105.58630136986301, 284.56986301369864)]
ASN00052026, [(1887, 123.75342465753425, 253.61904761904762)]
ASN00055023, [(1887, 116.90283400809717, 231.05263157894737)]
ASN00056017, [(1883, 52.16022099447514, 232.4931129476584)]
ASN00063004, [(1880, 64.68939393939394, 202.01520912547528),(1889, 71.66153846153846, 223.46153846153845)]
ASN00065016, [(1884, 84.03825136612022, 241.94808743169398)]
ASN00066062, [(1888, 133.75068493150684, 209.08219178082192)]
ASN00072151, [(1880, 90.6412213740458, 241.63846153846154),(1889, 93.14606741573034, 249.98876404494382)]
ASN00074128, [(1883, 83.86816720257235, 242.86495176848874)]
ASN00086071, [(1880, 99.3415300546448, 194.05191256830602),(1889, 99.66027397260274, 195.3095890410959)]
ASN00090015, [(1887, 106.01652892561984, 182.4251700680272)]
ASN00094029, [(1884, 76.4478021978022, 165.17403314917127)]
AU000005010, [(1885, 45.26301369863014, 121.13972602739726)]
AU000005901, [(1888, 45.44535519125683, 121.6775956284153)]
AU000006306, [(1888, 44.20765027322405, 128.1830601092896)]
AU000011801, [(1880, 36.8551912568306, 136.9672131147541)]
BE000006447, [(1880, 57.16120218579235, 136.70218579234972),(1889, 52.07397260273972, 124.13698630136986)]
CA001105550, [(1881, 47.108635097493035, 130.35933147632312)]
CA003012195, [(1885, -42.40547945205479, 96.16712328767123)]
CA003031093, [(1884, -30.78804347826087, 104.21739130434783)]
CA003034480, [(1887, -39.20821917808219, 96.55616438356165)]
CA003072657, [(1885, -71.28531855955679, 22.448467966573816)]
CA004016320, [(1886, -53.12054794520548, 74.22465753424657)]
CA004016560, [(1883, -239.83870967741936, -107.35483870967742)]
CA004056230, [(1888, -119.921875, 113.52631578947368)]
CA005011760, [(1887, -86.02465753424657, 57.515068493150686)]
CA005012520, [(1886, -79.04383561643836, 63.30958904109589)]
CA005022547, [(1882, -77.54605263157895, 57.36842105263158)]
CA005022790, [(1882, 0.0, 77.98520710059172)]
CA005023243, [(1888, -62.30327868852459, 64.80874316939891)]
CA005030556, [(1889, 37.0, 82.46892655367232)]
CA0050520EE, [(1889, -184.55737704918033, 0.0)]
CA005063350, [(1882, -106.68219178082192, -4.16986301369863)]
CA006046588, [(1887, -49.76986301369863, 63.989041095890414)]
CA006059475, [(1888, -199.5, -49.22727272727273)]
CA006068148, [(1888, -287.14814814814815, 77.61739130434782)]
CA006094450, [(1887, -7.598337950138504, 101.16388888888889)]
CA006101872, [(1881, 14.136986301369863, 120.79452054794521)]
CA006102417, [(1885, -36.7108843537415, 113.5513698630137)]
CA006104185, [(1884, 16.497267759562842, 106.96448087431693)]
CA006105887, [(1883, -17.36986301369863, 89.14246575342466)]
CA006106362, [(1882, -5.529085872576177, 110.35180055401662)]
CA006108060, [(1885, -49.6986301369863, 84.24383561643836)]
CA006110549, [(1883, -8.857534246575343, 98.75342465753425)]
CA006110605, [(1881, -12.126027397260273, 116.79178082191781)]
CA006113000, [(1886, -4.03013698630137, 102.77808219178083)]
CA006113660, [(1883, -29.22222222222222, 97.04746835443038)]
CA006116128, [(1881, 20.136986301369863, 128.03013698630136)]
CA006116254, [(1884, -14.841530054644808, 101.39344262295081)]
CA006118187, [(1889, -6.968652037617555, 94.96865203761756)]
CA006120315, [(1888, 8.270491803278688, 112.69398907103825)]
CA006122845, [(1881, 36.55068493150685, 119.78356164383561)]
CA006124127, [(1886, 28.01197604790419, 121.08083832335329)]
CA006124700, [(1886, 53.546728971962615, 163.093896713615)]
CA006127887, [(1888, 0.6885245901639344, 95.17486338797814)]
CA006129850, [(1884, 12.1448087431694, 120.78688524590164)]
CA006136643, [(1886, 29.235616438356164, 113.4958904109589)]
CA006136694, [(1883, 9.926027397260274, 126.07558139534883)]
CA006137147, [(1889, 24.052054794520547, 138.0082191780822)]
CA006137735, [(1880, 25.694267515923567, 138.34076433121018)]
CA006139445, [(1886, 18.483870967741936, 119.60410557184751)]
CA006139520, [(1883, 19.511182108626198, 133.56230031948883)]
CA006140941, [(1881, 74.35249042145594, 202.05343511450383)]
CA006141095, [(1880, -1.6133333333333333, 124.01944444444445),(1889, 16.911428571428573, 120.76790830945559)]
CA006141843, [(1888, -3.040983606557377, 102.8415300546448)]
CA006142284, [(1885, -4.3076923076923075, 96.36438356164383)]
CA006142993, [(1884, 11.92876712328767, 120.99178082191781)]
CA006143083, [(1887, 6.016483516483516, 121.9641873278237)]
CA006144470, [(1880, 24.25824175824176, 116.28333333333333),(1889, -7.315789473684211, 94.55263157894737)]
CA006148100, [(1880, 15.829608938547485, 119.49162011173185)]
CA006148120, [(1884, -1.6064139941690962, 112.74635568513119)]
CA006149625, [(1882, 10.225274725274724, 126.48626373626374)]
CA006150913, [(1887, 6.337078651685394, 118.50140845070422)]
CA006152007, [(1888, 0.15846994535519127, 115.00819672131148)]
CA006153192, [(1885, -5.843406593406593, 121.12087912087912)]
CA006155876, [(1886, 10.265193370165745, 113.17403314917127)]
CA006158350, [(1881, 32.93150684931507, 124.21369863013699)]
CA006164297, [(1880, 32.268595041322314, 0.0),(1889, 14.424242424242424, 114.32782369146005)]
CA006164430, [(1885, -21.578082191780823, 98.69589041095891)]
CA006165716, [(1886, -13.601719197707736, 137.2327868852459)]
CA006166416, [(1885, -7.942465753424657, 110.5123287671233)]
CA007016280, [(1882, -17.16986301369863, 81.94794520547946)]
CA007021952, [(1885, -36.86813186813187, 80.36263736263736)]
CA007021954, [(1886, -13.456582633053221, 111.30812324929973)]
CA007023240, [(1881, 6.938028169014085, 99.94647887323944)]
CA007025280, [(1881, 20.589041095890412, 111.58082191780822)]
CA007026465, [(1887, -29.975274725274726, 99.72054794520548)]
CA007050200, [(1882, -16.627397260273973, 44.4027397260274)]
CA007050790, [(1886, 5.101369863013699, 73.67945205479452)]
CA007056067, [(1880, -29.204918032786885, 62.387978142076506),(1889, -19.40821917808219, 66.43561643835616)]
CA007061440, [(1886, -41.21590909090909, 70.07670454545455)]
CA008100500, [(1881, -56.85087719298246, 44.016949152542374)]
CA008100990, [(1886, -11.627397260273973, 99.92602739726027)]
CA008101170, [(1886, -24.397759103641455, 82.37254901960785)]
CA008101700, [(1884, -17.846994535519126, 101.56557377049181)]
CA008101920, [(1886, 17.112328767123287, 105.36164383561643)]
CA008103100, [(1882, -90.08403361344538, -22.361344537815125)]
CA008103825, [(1886, 32.08988764044944, 151.12359550561797)]
CA008104500, [(1883, -47.5735294117647, 73.10958904109589)]
CA008104600, [(1882, 6.008219178082192, 98.35616438356165)]
CA008104800, [(1880, 10.53825136612022, 88.33060109289617),(1889, 20.73972602739726, 102.83835616438355)]
CA008105600, [(1887, -26.967845659163988, 94.81957186544342)]
CA008200150, [(1885, 24.322580645161292, 139.6451612903226)]
CA008200300, [(1882, 22.965986394557824, 103.61754385964912)]
CA008202198, [(1880, 14.647540983606557, 111.0),(1889, 35.37260273972603, 125.54520547945205)]
CA008204420, [(1887, 12.868493150684932, 107.6)]
CA008205698, [(1881, 7.673972602739726, 96.84109589041095)]
CA008205988, [(1885, -3.9519774011299433, 112.57062146892656)]
CA008206490, [(1884, 26.10928961748634, 98.3415300546448)]
CA008300298, [(1888, 54.54347826086956, 125.35326086956522)]
CA008300441, [(1886, -4.082191780821918, 96.7972602739726)]
CA008401125, [(1882, -19.424657534246574, 0.0)]
CA008403500, [(1886, 9.115068493150686, 96.6)]
CA008403635, [(1889, 55.34975369458128, 126.0935960591133)]
CA008500500, [(1888, -37.79234972677595, 20.40983606557377)]
CE000043497, [(1882, 236.92876712328768, 301.3424657534247)]
CE000434730, [(1887, 95.95616438356164, 193.94246575342467)]
CYE00100074, [(1885, 119.03370786516854, 274.87772925764193)]
DA000021100, [(1880, 49.885245901639344, 106.38524590163935),(1889, 55.26575342465753, 104.16164383561645)]
DA000025140, [(1881, 36.895890410958906, 91.91780821917808)]
DA000027080, [(1882, 58.62465753424657, 112.67671232876712)]
DA000030380, [(1882, 47.62191780821918, 124.11506849315069)]
DA000032030, [(1885, 53.153424657534245, 100.08219178082192)]
EI000003969, [(1881, 44.26301369863014, 123.84109589041095)]
EIE00101859, [(1882, 49.23913043478261, 98.97826086956522)]
EZE00100082, [(1888, 49.27049180327869, 116.44535519125684)]
FRE00104937, [(1881, 0.0, 9990.0)]
GG000037545, [(1883, 75.44383561643835, 0.0)]
GLE00100981, [(1887, -111.71954674220963, 0.0)]
GM000002698, [(1881, 53.40821917808219, 137.7041095890411)]
GM000003319, [(1887, 49.657534246575345, 121.66027397260274)]
GM000004063, [(1884, 46.41803278688525, 136.42896174863387)]
GM000004199, [(1883, 36.52328767123288, 119.56712328767124)]
GM000004204, [(1884, 41.45355191256831, 140.35245901639345)]
GM000010962, [(1888, 23.85792349726776, 90.70491803278688)]
GME00121258, [(1888, -10.229508196721312, 49.0655737704918)]
GMW00035032, [(1882, 60.8, 136.48219178082192)]
HR000142360, [(1884, 68.77595628415301, 149.39617486338798)]
HRE00105189, [(1881, 127.56712328767124, 188.7972602739726)]
ITE00100550, [(1888, 92.33879781420765, 170.06284153005464)]
ITE00100554, [(1881, 89.87945205479453, 172.1041095890411)]
KZ000035188, [(1884, -8.494565217391305, 0.0)]
KZ000035700, [(1885, -0.8114754098360656, 43.08139534883721)]
KZ000038198, [(1883, 69.47887323943662, 0.0)]
RSM00022550, [(1885, -32.81095890410959, 30.389041095890413)]
RSM00022845, [(1887, -67.64238410596026, 0.0)]
RSM00023804, [(1888, -4.817843866171004, 0.0)]
RSM00024944, [(1882, -168.70909090909092, 0.0)]
RSM00026063, [(1882, 13.013698630136986, 0.0)]
RSM00026477, [(1882, 22.011204481792717, 94.00280112044818)]
RSM00027051, [(1884, -52.84, 0.0)]
RSM00029263, [(1886, -66.7013698630137, 0.0)]
RSM00031369, [(1886, -61.00568181818182, 0.0)]
RSM00032061, [(1881, -45.53611111111111, 0.0)]
RSM00034880, [(1882, 58.9013698630137, 149.0)]
RSM00037472, [(1882, 83.22802197802197, 0.0)]
SZ000002220, [(1887, -49.70879120879121, 11.76923076923077)]
SZ000006717, [(1881, -31.063013698630137, 18.4986301369863)]
UK000000000, [(1880, 0.0, 64.0),(1889, 54.33150684931507, 126.22191780821917)]
UK000003026, [(1884, 50.994535519125684, 109.40710382513662)]
UK000047811, [(1886, 46.02739726027397, 116.78356164383561)]
UK000056225, [(1884, 64.82513661202186, 144.28688524590163)]
UPM00033345, [(1884, 39.88486842105263, 107.02302631578948)]
UPM00033889, [(1889, 40.193251533742334, 143.70625)]
USC00015555, [(1881, 142.63835616438357, 246.2821917808219)]
USC00030936, [(1884, 137.75, 296.73015873015873)]
USC00034251, [(1881, 129.92307692307693, 224.0054945054945)]
USC00034562, [(1885, 154.0193548387097, 311.5388888888889)]
USC00035754, [(1887, 181.53521126760563, 311.07042253521126)]
USC00043157, [(1882, 23.240816326530613, 184.34057971014494)]
USC00046115, [(1888, 175.22282608695653, 320.6358695652174)]
USC00047738, [(1888, 131.82513661202185, 199.18032786885246)]
USC00064767, [(1887, 36.44931506849315, 148.23835616438356)]
USC00067361, [(1885, 24.964285714285715, 132.81593406593407)]
USC00090430, [(1889, 113.68493150684931, 214.6027397260274)]
USC00134049, [(1886, 47.446575342465756, 112.07123287671233)]
USC00171100, [(1888, 30.797385620915033, 117.51633986928104)]
USC00172740, [(1886, 5.814814814814815, 125.08389261744966)]
USC00175070, [(1887, -3.625, 242.1)]
USC00176902, [(1888, 19.030054644808743, 101.08743169398907)]
USC00177827, [(1887, 10.390728476821192, 108.95394736842105)]
USC00191650, [(1888, 40.64754098360656, 121.57103825136612)]
USC00193110, [(1886, 20.140056022408963, 136.18384401114207)]
USC00194295, [(1886, 45.97808219178082, 128.73698630136985)]
USC00194340, [(1886, 32.42089552238806, 133.5917808219178)]
USC00194760, [(1886, 37.48559670781893, 121.65432098765432)]
USC00194875, [(1885, 7.558904109589041, 136.33698630136988)]
USC00196770, [(1889, -30.0, -3.225806451612903)]
USC00196988, [(1884, -52.205882352941174, 1.3055555555555556)]
USC00198374, [(1887, 40.714285714285715, 153.85479452054796)]
USC00198960, [(1886, 34.987096774193546, 155.86996904024767)]
USC00200094, [(1889, 35.98148148148148, 63.7962962962963)]
USC00200146, [(1888, -0.07923497267759563, 124.5)]
USC00253035, [(1889, -21.957264957264957, 133.0672268907563)]
USC00262030, [(1888, 0.0, -140.16666666666666)]
USC00262708, [(1888, 78.98897058823529, 218.5970695970696)]
USC00264939, [(1889, -10.013245033112582, 132.28476821192052)]
USC00270690, [(1886, 11.895238095238096, 162.5528846153846)]
USC00271682, [(1881, 32.778082191780825, 149.53150684931506)]
USC00275072, [(1887, 19.231197771587745, 123.18994413407822)]
USC00275712, [(1886, 21.852054794520548, 144.34520547945206)]
USC00275880, [(1889, 65.59469696969697, 176.07142857142858)]
USC00275997, [(1889, 18.375, 141.11337209302326)]
USC00276944, [(1887, -44.05434782608695, 60.76086956521739)]
USC00287865, [(1886, 83.51497005988024, 141.5119760479042)]
USC00288878, [(1881, -44.610169491525426, 28.64406779661017)]
USC00298072, [(1888, 37.73770491803279, 159.2054794520548)]
USC00301010, [(1884, 37.549180327868854, 119.66939890710383)]
USC00301207, [(1888, -72.57777777777778, 116.05405405405405)]
USC00313228, [(1882, 0.0, -27.0)]
USC00318500, [(1887, 21.622222222222224, 130.5888888888889)]
USC00319191, [(1883, 139.50467289719626, 230.47142857142856)]
USC00319462, [(1888, 122.5, 217.54644808743168)]
USC00331662, [(1886, 44.6, 136.7068493150685)]
USC00338366, [(1881, 70.3013698630137, 151.23013698630137)]
USC00343300, [(1888, 86.22527472527473, 216.1346153846154)]
USC00354506, [(1887, 35.75471698113208, 187.32075471698113)]
USC00354670, [(1888, -12.547619047619047, 125.51968503937007)]
USC00413270, [(1880, 71.58677685950413, 215.95867768595042)]
USC00419421, [(1885, 191.0054347826087, 303.67934782608694)]
USC00431072, [(1886, -65.1328125, 89.93928571428572)]
USC00435733, [(1887, 18.284313725490197, 131.48692810457516)]
USC00456109, [(1881, 53.09880239520958, 138.45209580838323)]
USC00464045, [(1889, -20.903225806451612, 65.06451612903226)]
USC00466207, [(1881, 80.30958904109589, 174.22465753424657)]
USC00474375, [(1885, 27.12876712328767, 113.17260273972603)]
USC00474966, [(1882, 44.43013698630137, 132.72328767123287)]
USC00475484, [(1886, 25.397260273972602, 115.37808219178082)]
USW00013724, [(1888, 65.17213114754098, 143.77868852459017)]
USW00013736, [(1882, 75.69589041095891, 166.1041095890411)]
USW00013872, [(1887, 79.34979423868313, 184.89711934156378)]
USW00013984, [(1889, 55.56164383561644, 176.96164383561643)]
USW00014838, [(1887, 9.625748502994012, 103.06586826347305)]
USW00014936, [(1885, -1.6465753424657534, 122.10684931506849)]
USW00014971, [(1886, -23.824175824175825, 92.86813186813187)]
USW00023068, [(1889, 34.632876712328766, 189.71506849315068)]
USW00023271, [(1881, 99.56164383561644, 214.45479452054795)]
USW00024128, [(1885, 33.364383561643834, 180.7917808219178)]
USW00024274, [(1883, 69.30684931506849, 165.14794520547946)]
USW00053875, [(1883, 113.83287671232877, 214.16438356164383)]
USW00093725, [(1882, 82.1972602739726, 177.3068493150685)]
USW00093852, [(1881, 173.5917808219178, 257.9013698630137)]
USW00094728, [(1884, 75.69398907103825, 149.17534246575343)]
UZM00038618, [(1889, 64.32054794520548, 0.0)]
