AGE00147705, [(1888, 149.34615384615384, 224.32417582417582)]
AGE00147711, [(1888, 92.55681818181819, 203.810888252149)]
AGE00147713, [(1880, 79.93939393939394, 207.63287671232877),(1889, 69.1455938697318, 173.63636363636363)]
AGE00147716, [(1886, 132.72980501392757, 223.22033898305085)]
AGE00147717, [(1882, 18.441666666666666, 238.2054794520548)]
AGE00147718, [(1887, 142.98076923076923, 268.5665722379603)]
ASN00015540, [(1884, 126.74863387978142, 299.6639344262295)]
ASN00026026, [(1886, 91.87945205479453, 187.35616438356163)]
ASN00038003, [(1888, 158.525, 328.0734463276836)]
ASN00048013, [(1883, 145.31666666666666, 288.65277777777777)]
ASN00048030, [(1881, 90.04838709677419, 275.8774834437086)]
ASN00052026, [(1881, 127.7584541062802, 269.9466019417476)]
ASN00055023, [(1881, 66.81848184818482, 289.34653465346537)]
ASN00056017, [(1886, 100.75637393767705, 230.6590909090909)]
ASN00063004, [(1883, 58.86821705426357, 203.09652509652508)]
ASN00065016, [(1887, 89.51506849315068, 336.9032258064516)]
ASN00066062, [(1882, 135.813698630137, 211.42191780821918)]
ASN00072151, [(1883, 49.28957528957529, 227.58687258687257)]
ASN00074128, [(1886, 69.2508038585209, 269.46945337620576)]
ASN00086071, [(1883, 97.67123287671232, 199.92054794520547)]
ASN00090015, [(1881, 102.0, 190.62465753424658)]
ASN00094029, [(1887, 77.21095890410959, 170.52328767123288)]
AU000005010, [(1888, 40.51912568306011, 109.35792349726776)]
AU000005901, [(1882, 61.057534246575344, 142.06575342465754)]
AU000006306, [(1882, 43.95616438356164, 131.42465753424656)]
AU000011801, [(1883, 31.964383561643835, 125.83561643835617)]
AU000015410, [(1886, -134.4262295081967, -80.49180327868852)]
BE000006447, [(1883, 55.04383561643836, 131.2986301369863)]
CA001090660, [(1888, -22.35223880597015, 110.15625)]
CA001114620, [(1883, 37.712574850299404, 145.69161676646706)]
CA003012195, [(1888, -47.060109289617486, 77.54098360655738)]
CA003031093, [(1887, -54.26575342465753, 81.44383561643835)]
CA003050520, [(1888, -134.1931818181818, -7.034090909090909)]
CA003072145, [(1881, -78.27123287671233, 59.843835616438355)]
CA003072657, [(1888, -49.58361774744027, 34.59154929577465)]
CA004016320, [(1889, -34.58904109589041, 102.89315068493151)]
CA004016560, [(1886, -61.73424657534247, 77.21095890410959)]
CA004028035, [(1886, -36.55922865013774, 106.80716253443526)]
CA004040420, [(1882, -117.61224489795919, 3.326530612244898)]
CA005011760, [(1881, -28.142045454545453, 55.106849315068494)]
CA005012520, [(1889, -66.65934065934066, 88.85989010989012)]
CA005022547, [(1885, -52.68904593639576, 78.85159010600707)]
CA005022790, [(1885, -71.55524861878453, 67.57617728531856)]
CA005023243, [(1882, -50.40821917808219, 72.06575342465753)]
CA005063350, [(1885, -177.6086956521739, -117.81521739130434)]
CA006046588, [(1881, -37.47945205479452, 77.72876712328767)]
CA006075400, [(1881, -67.23615160349854, 41.08163265306123)]
CA006085023, [(1888, -35.21132075471698, 108.45136186770428)]
CA006085682, [(1889, -26.9811320754717, 109.08962264150944)]
CA006094450, [(1881, -8.095238095238095, 86.96666666666667)]
CA006101872, [(1884, 3.210382513661202, 109.74863387978142)]
CA006104185, [(1887, 18.482191780821918, 108.46301369863014)]
CA006105887, [(1886, -8.906849315068493, 92.42465753424658)]
CA006106362, [(1885, -18.18732782369146, 103.0633608815427)]
CA006107003, [(1886, -21.5, 107.96338028169014)]
CA006108060, [(1888, -41.82513661202186, 86.56010928961749)]
CA006110549, [(1886, -0.3259668508287293, 113.8393351800554)]
CA006110605, [(1884, -22.3551912568306, 95.34520547945205)]
CA006111375, [(1888, -44.704918032786885, 86.83879781420765)]
CA006111766, [(1887, 2.649315068493151, 115.52876712328766)]
CA006112171, [(1884, 11.221917808219178, 101.10684931506849)]
CA006113000, [(1880, 0.13424657534246576, 110.23013698630137),(1889, 2.3287292817679557, 116.65013774104683)]
CA006116128, [(1884, -6.502732240437158, 101.21095890410959)]
CA006116254, [(1887, -18.70958904109589, 101.59178082191781)]
CA006119064, [(1888, -53.81693989071038, 93.91808873720136)]
CA006120315, [(1882, 17.721311475409838, 113.64754098360656)]
CA006122845, [(1884, 29.07103825136612, 112.60928961748634)]
CA006124127, [(1880, 33.78947368421053, 127.90883977900552),(1889, 29.501483679525222, 121.19584569732937)]
CA006124700, [(1889, 22.254794520547946, 124.04109589041096)]
CA006127887, [(1882, 16.34794520547945, 114.30958904109589)]
CA006129850, [(1887, 15.542465753424658, 124.64109589041095)]
CA006136643, [(1880, 40.46448087431694, 121.37978142076503),(1889, 39.15890410958904, 130.54520547945205)]
CA006136694, [(1886, 21.583561643835615, 125.08493150684932)]
CA006137735, [(1883, 8.968152866242038, 119.56687898089172)]
CA006139445, [(1880, -3.1311475409836067, 74.78703703703704)]
CA006139520, [(1886, 25.156549520766774, 144.89456869009584)]
CA006140941, [(1884, 8.786703601108034, 127.65927977839335)]
CA006141095, [(1883, -5.837988826815643, 103.12813370473538)]
CA006141843, [(1882, 7.544198895027624, 112.0939226519337)]
CA006142284, [(1888, 2.2868852459016393, 99.90163934426229)]
CA006143083, [(1881, 86.99555555555555, 183.19574468085105)]
CA006144470, [(1883, 0.6646884272997032, 112.87761194029851)]
CA006144505, [(1884, 13.167123287671233, 119.95342465753424)]
CA006148100, [(1883, -5.742465753424658, 104.17260273972603)]
CA006149625, [(1885, -7.964383561643835, 104.51506849315068)]
CA006150913, [(1881, 22.715068493150685, 124.64931506849315)]
CA006152007, [(1882, 61.33168316831683, 169.89162561576356)]
CA006153192, [(1888, -58.50847457627118, 55.78846153846154)]
CA006155876, [(1889, 20.575342465753426, 121.56712328767124)]
CA006158350, [(1884, 16.516393442622952, 111.07103825136612)]
CA006164297, [(1883, -17.370588235294118, 155.65437788018434)]
CA006164430, [(1888, -15.819672131147541, 105.44535519125684)]
CA006165195, [(1888, -41.377049180327866, 100.5327868852459)]
CA006165716, [(1880, 9.114369501466276, 116.02932551319648),(1889, 8.570605187319885, 103.82492581602374)]
CA007016280, [(1885, -24.61917808219178, 72.4931506849315)]
CA007021952, [(1888, -37.17213114754098, 65.98087431693989)]
CA007021954, [(1880, 43.382075471698116, 145.99530516431926)]
CA007023240, [(1884, 0.3342618384401114, 101.79945054945055)]
CA007024280, [(1888, -89.9, -3.607843137254902)]
CA007025280, [(1884, 9.327868852459016, 98.06830601092896)]
CA007026465, [(1881, 37.53005464480874, 151.53296703296704)]
CA007050200, [(1885, -16.068493150684933, 37.97534246575343)]
CA007050790, [(1889, 7.271232876712329, 76.8)]
CA007056067, [(1883, -43.92602739726028, 55.66301369863014)]
CA007061440, [(1880, -151.44827586206895, 11.415584415584416),(1889, -27.58073654390935, 86.80681818181819)]
CA007066688, [(1888, 5.783882783882784, 102.00732600732601)]
CA008100500, [(1884, -27.674418604651162, 93.61627906976744)]
CA008100990, [(1880, -20.51912568306011, 101.30874316939891),(1889, 6.934246575342466, 115.27671232876712)]
CA008101170, [(1880, -11.28, 89.25287356321839),(1889, -12.803370786516854, 91.76815642458101)]
CA008101230, [(1880, -123.74193548387096, -24.35483870967742),(1889, 9.873972602739727, 97.22465753424657)]
CA008101700, [(1887, -15.575342465753424, 98.77808219178083)]
CA008101920, [(1889, 24.747945205479454, 111.55068493150685)]
CA008103825, [(1889, -8.58904109589041, 101.52328767123288)]
CA008104600, [(1885, -0.0410958904109589, 97.22465753424657)]
CA008104800, [(1883, -1.8969359331476323, 86.85793871866295)]
CA008200150, [(1888, -82.93939393939394, 6.967741935483871)]
CA008200300, [(1885, -111.72093023255815, 3.011627906976744)]
CA008202198, [(1883, 7.86027397260274, 103.6986301369863)]
CA008204420, [(1881, 6.426865671641791, 92.62089552238805)]
CA008205698, [(1884, 1.5765027322404372, 96.35245901639344)]
CA008205988, [(1888, -2.069060773480663, 100.85635359116021)]
CA008206410, [(1880, -37.53947368421053, 67.92105263157895)]
CA008206490, [(1887, 19.087671232876712, 106.47945205479452)]
CA008300298, [(1882, -1.1232876712328768, 85.38356164383562)]
CA008300441, [(1880, -9.581967213114755, 91.17213114754098),(1889, 8.6, 110.42465753424658)]
CA008403500, [(1880, 0.04918032786885246, 83.49726775956285),(1889, 22.94413407821229, 111.83240223463687)]
CE000043497, [(1885, 234.4931506849315, 290.8109589041096)]
CE000434730, [(1881, 99.93956043956044, 201.64835164835165)]
CYE00100074, [(1888, 124.93169398907104, 257.57923497267757)]
DA000021100, [(1883, 49.775342465753425, 100.41643835616438)]
DA000025140, [(1884, 56.494535519125684, 113.79234972677595)]
DA000027080, [(1885, 43.87945205479452, 101.9972602739726)]
DA000030380, [(1885, 30.153424657534245, 112.40547945205479)]
DA000032030, [(1888, 41.521857923497265, 83.62290502793296)]
EGE00147726, [(1885, 129.3013698630137, 252.0191780821918)]
EGE00147732, [(1885, 155.81643835616438, 272.23835616438356)]
EI000003969, [(1884, 53.72950819672131, 130.72677595628414)]
EIE00101859, [(1885, 63.85753424657534, 130.31506849315068)]
EZE00100082, [(1882, 61.273972602739725, 129.17808219178082)]
FRE00104937, [(1884, 0.0, 9990.0)]
GG000037545, [(1886, 72.37808219178082, 0.0)]
GLE00100981, [(1881, -74.66575342465754, 0.0)]
GM000002698, [(1884, 62.89890710382514, 146.99180327868854)]
GM000003319, [(1881, 48.38082191780822, 125.21095890410959)]
GM000004063, [(1887, 29.6, 123.26027397260275)]
GM000004199, [(1886, 41.224657534246575, 126.61369863013698)]
GM000004204, [(1887, 25.56986301369863, 123.42191780821918)]
GM000010962, [(1882, 28.90958904109589, 102.40821917808219)]
GMW00035032, [(1885, 53.8054794520548, 133.75342465753425)]
HR000142360, [(1887, 65.84383561643835, 146.3123287671233)]
HRE00105189, [(1884, 126.95081967213115, 194.35245901639345)]
ITE00100550, [(1882, 102.42465753424658, 176.48219178082192)]
ITE00100554, [(1884, 88.87158469945355, 173.54098360655738)]
RSM00022550, [(1888, -40.10655737704918, 17.956284153005466)]
RSM00023711, [(1888, -66.14851485148515, 0.0)]
RSM00026063, [(1885, 3.484931506849315, 78.12328767123287)]
RSM00026477, [(1885, 20.38719512195122, 107.60550458715596)]
RSM00027857, [(1882, -7.542465753424658, 0.0)]
RSM00028275, [(1887, -149.8360655737705, 0.0)]
RSM00028440, [(1881, -25.5748502994012, 0.0)]
RSM00029263, [(1889, -78.34246575342466, 0.0)]
RSM00030710, [(1888, -86.73770491803279, 55.71584699453552)]
RSM00031369, [(1889, -59.17065868263473, 0.0)]
RSM00032061, [(1884, -68.38251366120218, 0.0)]
RSM00032071, [(1886, -64.2051282051282, 0.0)]
RSM00034880, [(1885, 46.37808219178082, 150.33972602739726)]
RSM00037472, [(1885, 53.983108108108105, 0.0)]
SZ000006717, [(1884, -41.24863387978142, 12.879781420765028)]
TX000038763, [(1889, 61.98913043478261, 0.0)]
UK000000000, [(1883, 52.20821917808219, 128.3232876712329)]
UK000003026, [(1887, 45.64657534246575, 105.77260273972603)]
UK000047811, [(1880, 53.3551912568306, 123.80054644808743),(1889, 54.1945205479452, 125.33150684931506)]
UK000056225, [(1887, 46.00547945205479, 129.06849315068493)]
UPM00033345, [(1887, 33.416438356164385, 114.24109589041096)]
UPM00033587, [(1885, 12.885245901639344, 0.0)]
UPM00033910, [(1886, 56.92328767123288, 0.0)]
UPM00033946, [(1886, 87.04081632653062, 0.0)]
UPM00033976, [(1883, 48.14150943396226, 90.39150943396227)]
USC00015555, [(1884, 133.6120218579235, 242.1120218579235)]
USC00030936, [(1887, 215.51470588235293, 326.09027777777777)]
USC00034251, [(1884, 116.27671232876712, 218.35068493150686)]
USC00034562, [(1888, 199.92929292929293, 310.11242603550295)]
USC00035186, [(1885, 167.5, 297.67597765363126)]
USC00043157, [(1885, 41.77302631578947, 180.92763157894737)]
USC00047738, [(1882, 115.23013698630137, 197.013698630137)]
USC00053010, [(1881, -39.02465753424657, 124.25205479452055)]
USC00064767, [(1881, 42.8027397260274, 153.1095890410959)]
USC00065445, [(1884, -44.40816326530612, 36.208333333333336)]
USC00067361, [(1888, 24.352459016393443, 126.12841530054645)]
USC00068138, [(1888, 63.52336448598131, 167.39252336448598)]
USC00090284, [(1888, -22.142857142857142, 0.0)]
USC00172740, [(1889, 22.451612903225808, 161.29032258064515)]
USC00173046, [(1886, -3.3360655737704916, 97.60655737704919)]
USC00176902, [(1882, 47.221917808219175, 131.46301369863014)]
USC00190830, [(1889, 64.75342465753425, 146.65753424657535)]
USC00191097, [(1886, 41.17906336088154, 132.97796143250687)]
USC00192010, [(1885, 3.265625, 0.0)]
USC00193110, [(1889, 30.27094972067039, 140.18055555555554)]
USC00194295, [(1889, 67.16712328767123, 135.77260273972604)]
USC00194313, [(1889, 45.137362637362635, 146.18356164383562)]
USC00194340, [(1889, 25.646575342465752, 139.0054794520548)]
USC00194405, [(1887, 123.88586956521739, 191.52717391304347)]
USC00194875, [(1888, 7.254098360655738, 131.3169398907104)]
USC00195317, [(1887, -16.36842105263158, 81.02631578947368)]
USC00195891, [(1886, -47.0, 0.0)]
USC00196988, [(1887, 24.9010989010989, 107.08493150684932)]
USC00198375, [(1886, 34.205479452054796, 150.4986301369863)]
USC00198960, [(1889, 44.52842809364549, 147.65814696485623)]
USC00199731, [(1886, 21.972375690607734, 122.22714681440443)]
USC00200032, [(1888, 9.364383561643836, 140.1639344262295)]
USC00201744, [(1889, 63.459016393442624, 176.40983606557376)]
USC00205065, [(1889, 32.9041095890411, 104.93972602739726)]
USC00241008, [(1880, 72.0, 239.0)]
USC00260507, [(1887, -13.340659340659341, 91.17582417582418)]
USC00263040, [(1889, 27.201117318435752, 179.22128851540617)]
USC00267835, [(1888, 66.13333333333334, 322.1333333333333)]
USC00268761, [(1889, 82.96846846846847, 187.94117647058823)]
USC00270690, [(1889, 25.65568862275449, 146.64670658682635)]
USC00271678, [(1885, 15.276712328767124, 124.92876712328767)]
USC00271682, [(1884, 26.674863387978142, 132.84972677595627)]
USC00275712, [(1889, 35.8054794520548, 148.64931506849314)]
USC00278854, [(1885, 42.840375586854464, 160.11057692307693)]
USC00278875, [(1885, 44.90217391304348, 150.2336956521739)]
USC00287865, [(1880, 81.6311475409836, 127.06557377049181)]
USC00298072, [(1882, 32.950413223140494, 163.7123287671233)]
USC00301010, [(1887, 42.515068493150686, 126.9972602739726)]
USC00307633, [(1885, 82.13071895424837, 154.86928104575162)]
USC00319462, [(1882, 136.21917808219177, 221.1917808219178)]
USC00331662, [(1880, 57.42622950819672, 143.30327868852459),(1889, 59.8054794520548, 140.64657534246575)]
USC00338366, [(1884, 55.69125683060109, 144.34972677595627)]
USC00343300, [(1882, 100.11538461538461, 224.8131868131868)]
USC00363711, [(1889, 69.56438356164384, 153.26575342465753)]
USC00367239, [(1886, 40.97534246575343, 119.57260273972602)]
USC00383742, [(1886, 153.53658536585365, 291.8)]
USC00419421, [(1888, 162.06405693950177, 278.83274021352315)]
USC00422996, [(1889, -5.380821917808219, 153.46849315068494)]
USC00431072, [(1889, -44.408, 118.7109634551495)]
USC00456109, [(1884, 53.53551912568306, 150.35792349726776)]
USC00464045, [(1883, 88.4, 200.74285714285713)]
USC00474375, [(1888, 13.368852459016393, 109.17213114754098)]
USC00474966, [(1885, 13.775342465753425, 101.23013698630137)]
USC00475484, [(1880, 40.92622950819672, 128.12295081967213),(1889, 39.010958904109586, 118.32328767123288)]
USC00481816, [(1881, 100.0, 267.0)]
USW00012945, [(1884, 192.85981308411215, 313.4766355140187)]
USW00013724, [(1882, 76.27671232876712, 149.94520547945206)]
USW00014838, [(1881, 2.5835616438356164, 79.5041095890411)]
USW00014936, [(1888, -14.172131147540984, 120.0464480874317)]
USW00014971, [(1889, 30.79940119760479, 172.4311377245509)]
USW00023271, [(1884, 98.73497267759562, 211.71038251366122)]
USW00024121, [(1889, -28.528767123287672, 222.62191780821917)]
USW00024128, [(1888, 19.90983606557377, 178.39617486338798)]
USW00024157, [(1889, 31.348684210526315, 149.05882352941177)]
USW00024274, [(1886, 70.46027397260274, 171.4931506849315)]
USW00053875, [(1886, 92.25205479452055, 199.3068493150685)]
USW00053919, [(1884, 153.56140350877192, 293.2083333333333)]
USW00093725, [(1885, 55.46027397260274, 168.2931506849315)]
USW00093852, [(1884, 167.94808743169398, 255.37158469945356)]
USW00094728, [(1887, 64.60164835164835, 146.4945054945055)]
UZM00038618, [(1883, 68.41643835616438, 0.0)]
