AGE00135039, [(1884, 126.60606060606061, 215.27272727272728)]
AGE00147708, [(1887, 113.0625, 235.2840909090909)]
AGE00147712, [(1886, 0.0, 170.0)]
AGE00147713, [(1882, 69.0415512465374, 210.47619047619048)]
AGE00147716, [(1888, 131.26404494382024, 217.1629213483146)]
AGE00147717, [(1884, 84.81420765027322, 218.8870056497175)]
AGE00147718, [(1880, 147.88251366120218, 306.6078431372549),(1889, 145.0904109589041, 268.71625344352617)]
ASN00015540, [(1886, 124.30684931506849, 295.1868131868132)]
ASN00026026, [(1888, 91.42622950819673, 189.2431693989071)]
ASN00044022, [(1889, 116.39183673469388, 257.2887029288703)]
ASN00048013, [(1885, 132.01373626373626, 297.6732394366197)]
ASN00048030, [(1883, 104.31506849315069, 290.47633136094674)]
ASN00052026, [(1883, 115.74550898203593, 275.1556886227545)]
ASN00055023, [(1883, 122.55409836065574, 270.2826747720365)]
ASN00056017, [(1888, 89.43989071038251, 220.39890710382514)]
ASN00063004, [(1885, 62.130434782608695, 219.4496124031008)]
ASN00065016, [(1880, 112.32786885245902, 264.8415300546448),(1889, 130.53698630136986, 239.2986301369863)]
ASN00066062, [(1884, 135.60109289617486, 211.74043715846994)]
ASN00072151, [(1885, 80.72757475083057, 240.53177257525084)]
ASN00074128, [(1888, 67.95806451612903, 272.84565916398714)]
ASN00086071, [(1885, 95.03835616438356, 189.72602739726028)]
ASN00090015, [(1883, 104.08219178082192, 200.096875)]
ASN00094029, [(1889, 79.87671232876713, 169.33698630136988)]
AU000005010, [(1881, 40.084931506849315, 111.52602739726028)]
AU000005901, [(1884, 56.595628415300546, 135.52732240437157)]
AU000006306, [(1884, 56.71311475409836, 141.04918032786884)]
AU000011801, [(1885, 40.76438356164383, 132.46849315068494)]
AU000015410, [(1888, -92.24043715846994, -45.3551912568306)]
BE000006447, [(1885, 47.21369863013699, 126.41917808219178)]
CA001066336, [(1887, 12.017241379310345, 90.64835164835165)]
CA001167635, [(1883, 27.09880239520958, 65.0754716981132)]
CA003012195, [(1881, -70.70890410958904, 44.43728813559322)]
CA003031093, [(1889, -27.473972602739725, 123.40273972602739)]
CA003034480, [(1883, 63.56666666666667, 97.16666666666667)]
CA004013400, [(1880, -278.11842105263156, -142.58441558441558)]
CA004016560, [(1888, -308.741935483871, -203.67741935483872)]
CA004028035, [(1888, -45.978142076502735, 90.02185792349727)]
CA004040420, [(1884, -107.42745098039215, 8.662745098039215)]
CA004056230, [(1884, -163.15841584158414, -14.237623762376238)]
CA005011760, [(1883, -91.8958904109589, 37.6)]
CA005012279, [(1886, -31.484662576687118, 115.3689024390244)]
CA005012540, [(1886, -60.68956043956044, 94.63013698630137)]
CA005022790, [(1887, -70.20821917808219, 65.24657534246575)]
CA005023243, [(1884, -65.04371584699453, 44.095628415300546)]
CA005063350, [(1887, -150.42739726027398, -60.704109589041096)]
CA006046588, [(1883, -68.17534246575343, 61.583561643835615)]
CA006100969, [(1886, 14.73816155988858, 113.6878453038674)]
CA006101872, [(1886, 1.4465753424657535, 109.98901098901099)]
CA006102417, [(1881, 60.256410256410255, 184.33185840707964)]
CA006104185, [(1880, 24.311475409836067, 126.30601092896175),(1889, 33.35068493150685, 113.04657534246576)]
CA006105887, [(1888, -8.375342465753425, 95.47945205479452)]
CA006105976, [(1889, -59.52459016393443, 13.950819672131148)]
CA006106362, [(1887, -14.443835616438356, 109.0415512465374)]
CA006107003, [(1888, -14.48396501457726, 117.25217391304348)]
CA006108060, [(1881, -23.03287671232877, 109.96164383561644)]
CA006110605, [(1886, -21.421917808219177, 92.67671232876712)]
CA006111766, [(1889, -1.558904109589041, 115.96986301369863)]
CA006112171, [(1886, 10.537396121883656, 103.06060606060606)]
CA006113000, [(1882, 4.233516483516484, 107.68406593406593)]
CA006116128, [(1886, 4.851485148514851, 102.3036303630363)]
CA006116254, [(1880, -5.8743169398907105, 105.12021857923497),(1889, 4.032876712328767, 107.97808219178083)]
CA006120315, [(1884, 10.54, 115.29799426934098)]
CA006122845, [(1886, 23.065753424657533, 108.66027397260274)]
CA006124127, [(1882, 0.0, 123.76571428571428)]
CA006127887, [(1884, 3.379781420765027, 106.20765027322405)]
CA006129850, [(1889, 26.336986301369862, 127.61643835616438)]
CA006136643, [(1882, 39.36164383561644, 120.38356164383562)]
CA006136694, [(1888, 16.398907103825138, 110.1775956284153)]
CA006137147, [(1885, -12.209302325581396, 69.23529411764706)]
CA006137735, [(1885, 4.779552715654952, 108.78594249201278)]
CA006139445, [(1882, -21.66393442622951, 72.9672131147541)]
CA006140941, [(1886, 27.87037037037037, 127.10364145658264)]
CA006141095, [(1885, 13.86, 131.32)]
CA006141843, [(1884, -70.69491525423729, 31.920454545454547)]
CA006142993, [(1880, 25.806010928961747, 128.34972677595627)]
CA006143083, [(1883, 4.898351648351649, 107.31593406593407)]
CA006143780, [(1888, 7.5182926829268295, 121.52134146341463)]
CA006144470, [(1885, -6.305882352941176, 105.81231671554252)]
CA006144505, [(1886, 14.578082191780823, 116.37534246575342)]
CA006148100, [(1885, -7.5917808219178085, 98.1945205479452)]
CA006149625, [(1887, 5.472527472527473, 124.50824175824175)]
CA006150243, [(1887, -6.315934065934066, 106.89010989010988)]
CA006150913, [(1883, -1.6712328767123288, 101.33424657534246)]
CA006152007, [(1884, 10.487603305785123, 119.43526170798899)]
CA006153192, [(1881, 17.84931506849315, 148.86301369863014)]
CA006155876, [(1882, 18.941176470588236, 106.59663865546219)]
CA006158065, [(1889, 36.26865671641791, 127.53618421052632)]
CA006158350, [(1886, 18.03287671232877, 110.02739726027397)]
CA006160465, [(1883, -43.554913294797686, 82.54913294797687)]
CA006164297, [(1885, -26.06687898089172, 100.6118881118881)]
CA006164430, [(1881, 3.83013698630137, 123.81369863013698)]
CA006165716, [(1882, 13.695652173913043, 168.1604938271605)]
CA006166416, [(1881, 10.316993464052288, 131.77777777777777)]
CA007016280, [(1887, -16.794520547945204, 75.6986301369863)]
CA007021952, [(1881, -17.464285714285715, 89.09615384615384)]
CA007021954, [(1882, -11.91388888888889, 101.48055555555555)]
CA007023240, [(1886, -2.2054794520547945, 97.38630136986302)]
CA007025280, [(1886, 8.361643835616439, 97.23835616438356)]
CA007026465, [(1883, -33.8986301369863, 92.36813186813187)]
CA007050200, [(1887, -14.306849315068494, 40.01917808219178)]
CA007050790, [(1882, -7.167123287671233, 62.221917808219175)]
CA007056067, [(1885, -29.1768115942029, 52.0986301369863)]
CA007061440, [(1882, -40.89310344827586, 87.53793103448275)]
CA008100500, [(1886, -23.392156862745097, 104.1484593837535)]
CA008100990, [(1882, -20.30958904109589, 94.05205479452054)]
CA008101170, [(1882, -28.766016713091922, 75.79329608938548)]
CA008101700, [(1880, -17.188524590163933, 110.69398907103825),(1889, 5.101369863013699, 116.07123287671233)]
CA008104600, [(1887, 0.9424657534246575, 100.21369863013699)]
CA008104800, [(1885, -2.3917808219178083, 91.63561643835617)]
CA008200150, [(1881, -39.26775956284153, 17.785714285714285)]
CA008202198, [(1885, 16.12876712328767, 112.56164383561644)]
CA008204420, [(1883, 8.778082191780822, 101.23287671232876)]
CA008204480, [(1886, 0.8792270531400966, 91.77830188679245)]
CA008205698, [(1886, 17.345205479452055, 110.81369863013698)]
CA008205988, [(1881, -0.8622589531680441, 107.98618784530387)]
CA008206410, [(1882, 10.143250688705233, 101.63461538461539)]
CA008206490, [(1880, 21.87123287671233, 111.58904109589041),(1889, 42.11506849315069, 117.1972602739726)]
CA008300298, [(1884, -5.60655737704918, 84.61748633879782)]
CA008300441, [(1882, -10.746438746438747, 82.80626780626781)]
CA008401600, [(1880, 30.027322404371585, 63.46994535519126)]
CA008403500, [(1882, -6.120547945205479, 88.59178082191781)]
CA008500500, [(1884, -9.974452554744525, 34.306569343065696)]
CE000043497, [(1887, 230.06849315068493, 295.44884488448844)]
CE000434730, [(1883, 99.73424657534247, 193.04109589041096)]
CYE00100074, [(1881, 138.73793103448276, 275.9597315436242)]
DA000021100, [(1885, 45.104109589041094, 93.9945205479452)]
DA000025140, [(1886, 46.032876712328765, 100.41917808219178)]
DA000027080, [(1887, 40.85753424657534, 102.65479452054795)]
DA000030380, [(1887, 32.26849315068493, 110.02465753424657)]
DA000032030, [(1881, 41.05205479452055, 87.3972602739726)]
EGE00147732, [(1887, 160.44383561643835, 278.4356164383562)]
EI000003969, [(1886, 47.868493150684934, 121.14520547945206)]
EIE00101859, [(1887, 65.73972602739725, 137.96712328767123)]
EZE00100082, [(1884, 60.1448087431694, 130.0655737704918)]
FRE00104937, [(1886, 0.0, 9990.0)]
GG000037545, [(1888, 77.92349726775956, 215.1413043478261)]
GLE00100981, [(1883, -85.47397260273972, 0.0)]
GM000002698, [(1886, 56.032876712328765, 144.46301369863014)]
GM000003319, [(1883, 41.33424657534247, 129.4849315068493)]
GM000004063, [(1880, 42.65846994535519, 127.47267759562841),(1889, 39.16986301369863, 125.58082191780822)]
GM000004199, [(1888, 33.06284153005465, 113.28688524590164)]
GM000004204, [(1880, 33.63661202185792, 149.81967213114754),(1889, 34.49315068493151, 129.04383561643834)]
GM000010962, [(1884, 28.382513661202186, 103.2896174863388)]
GMW00035032, [(1887, 48.104109589041094, 125.40273972602739)]
HR000142360, [(1889, 67.40547945205479, 138.34246575342465)]
HRE00105189, [(1886, 135.986301369863, 200.75068493150684)]
ITE00100550, [(1884, 102.62021857923497, 166.47540983606558)]
ITE00100554, [(1886, 93.41369863013699, 173.64383561643837)]
KZ000035700, [(1881, 24.42608695652174, 0.0)]
RSM00022550, [(1881, -17.97069597069597, 42.73260073260073)]
RSM00026063, [(1887, 15.736986301369862, 80.8054794520548)]
RSM00026477, [(1887, 21.936507936507937, 109.66031746031746)]
RSM00027857, [(1884, -21.366120218579233, 0.0)]
RSM00028275, [(1889, -49.99452054794521, 0.0)]
RSM00032061, [(1886, -44.843835616438355, 0.0)]
RSM00032071, [(1888, -63.986149584487535, 0.0)]
RSM00034110, [(1889, 0.17796610169491525, 83.17796610169492)]
RSM00037472, [(1887, 92.5095890410959, 0.0)]
SZ000002220, [(1883, -49.42774566473989, 21.222543352601157)]
SZ000006717, [(1886, -49.945205479452056, 20.0986301369863)]
TS000060765, [(1888, 99.45054945054945, 229.34806629834253)]
TSE00147769, [(1886, 140.3840579710145, 233.2626728110599)]
TSE00147775, [(1886, 168.51282051282053, 254.18367346938774)]
UK000000000, [(1885, 47.46027397260274, 124.45753424657535)]
UK000003026, [(1880, 54.516417910447764, 110.76785714285714),(1889, 50.75068493150685, 109.16712328767123)]
UK000047811, [(1882, 53.42739726027397, 123.57260273972602)]
UK000056225, [(1880, 59.967213114754095, 134.1120218579235),(1889, 54.93972602739726, 128.45205479452054)]
UPM00033345, [(1889, 32.038356164383565, 112.4931506849315)]
UPM00033587, [(1887, 25.36986301369863, 127.73150684931507)]
UPM00033946, [(1888, 51.885714285714286, 0.0)]
UPM00033976, [(1885, 101.17534246575343, 148.55890410958904)]
USC00011685, [(1889, 180.140350877193, 310.87719298245617)]
USC00015555, [(1886, 127.41643835616438, 231.15342465753426)]
USC00030936, [(1889, 174.54807692307693, 279.0761904761905)]
USC00033466, [(1888, 95.37808219178082, 0.0)]
USC00034251, [(1886, 104.47397260273972, 204.95342465753424)]
USC00034988, [(1884, 91.95879120879121, 208.98901098901098)]
USC00035186, [(1887, 163.37878787878788, 300.29891304347825)]
USC00043157, [(1887, 20.432876712328767, 164.04109589041096)]
USC00047738, [(1884, 120.98087431693989, 200.827868852459)]
USC00053010, [(1883, -25.05263157894737, 130.8125)]
USC00061536, [(1886, 13.962616822429906, 139.784375)]
USC00064767, [(1883, 28.487671232876714, 145.51232876712328)]
USC00065445, [(1886, 16.52054794520548, 122.73972602739725)]
USC00090430, [(1885, 86.02465753424657, 201.74794520547945)]
USC00144559, [(1881, 88.07843137254902, -352.5211267605634)]
USC00173046, [(1888, 13.254098360655737, 109.41256830601093)]
USC00174230, [(1886, 6.108882521489972, 112.81024096385542)]
USC00176655, [(1885, 86.89671361502347, 142.33802816901408)]
USC00176902, [(1884, 44.61748633879781, 130.39890710382514)]
USC00190595, [(1886, -1.539906103286385, 81.67136150234742)]
USC00191097, [(1888, 33.37640449438202, 120.958217270195)]
USC00191820, [(1885, 30.115068493150684, 114.02465753424657)]
USC00192010, [(1887, 4.161184210526316, 112.52805280528052)]
USC00193625, [(1886, 26.23076923076923, 0.0)]
USC00194360, [(1886, 46.15890410958904, 126.5095890410959)]
USC00194795, [(1886, 32.88219178082192, 138.87671232876713)]
USC00196988, [(1889, -20.41304347826087, 50.108695652173914)]
USC00198375, [(1888, 23.846575342465755, 138.82465753424657)]
USC00199731, [(1888, -13.395744680851063, 114.7827868852459)]
USC00215638, [(1887, -17.575342465753426, 95.30684931506849)]
USC00260507, [(1889, 17.314685314685313, 175.13636363636363)]
USC00263515, [(1887, -33.07692307692308, 60.175)]
USC00264939, [(1885, 38.83988764044944, 180.15168539325842)]
USC00266252, [(1889, 6.798165137614679, 198.57808219178082)]
USC00271678, [(1887, 25.80821917808219, 128.4027397260274)]
USC00271682, [(1886, 24.90684931506849, 134.84931506849315)]
USC00278440, [(1887, -8.063186813186814, 133.7041095890411)]
USC00278854, [(1887, 5.88515406162465, 111.17058823529412)]
USC00287865, [(1882, 80.18082191780822, 149.3945205479452)]
USC00298072, [(1884, -59.14705882352941, 53.41935483870968)]
USC00300958, [(1887, 74.07756232686981, 158.05277777777778)]
USC00301010, [(1880, 48.650273224043715, 121.90983606557377),(1889, 49.484931506849314, 119.78356164383561)]
USC00307633, [(1887, 65.53972602739726, 144.24657534246575)]
USC00319191, [(1888, 88.59228650137742, 206.11845730027548)]
USC00319462, [(1884, 136.15027322404373, 229.79781420765028)]
USC00324418, [(1881, 167.0, 283.0)]
USC00331662, [(1882, 56.27945205479452, 138.2)]
USC00338366, [(1886, 40.88767123287671, 138.72328767123287)]
USC00343300, [(1884, 118.97282608695652, 250.34782608695653)]
USC00348285, [(1888, 22.0, 183.0)]
USC00367239, [(1888, 29.887978142076502, 148.04644808743168)]
USC00383742, [(1888, 147.19626168224298, 281.06542056074767)]
USC00413257, [(1880, 118.80601092896175, 234.54644808743168)]
USC00456109, [(1886, 53.704109589041096, 155.4931506849315)]
USC00463100, [(1882, -14.107142857142858, 97.78571428571429)]
USC00464045, [(1885, 40.273972602739725, 148.18406593406593)]
USC00469368, [(1881, 0.0, -180.5)]
USC00474375, [(1881, 44.19178082191781, 130.03287671232877)]
USC00474966, [(1887, 23.660273972602738, 123.26301369863013)]
USC00475484, [(1882, 48.4027397260274, 124.89315068493151)]
USW00012945, [(1886, 197.00980392156862, 306.4019607843137)]
USW00013724, [(1884, 76.5327868852459, 152.38251366120218)]
USW00013984, [(1885, 89.2, 211.97551020408164)]
USW00014838, [(1883, -32.83287671232877, 82.01369863013699)]
USW00014898, [(1886, -9.049180327868852, 82.71311475409836)]
USW00014936, [(1881, 45.29347826086956, 161.40217391304347)]
USW00023271, [(1886, 94.27222222222223, 217.825)]
USW00024128, [(1881, 17.4, 173.41095890410958)]
USW00024274, [(1888, 69.7568306010929, 173.1120218579235)]
USW00053875, [(1888, 105.27049180327869, 211.54371584699453)]
USW00053919, [(1886, 174.6457142857143, 306.1333333333333)]
USW00093725, [(1887, 79.30410958904109, 176.41095890410958)]
USW00093820, [(1888, 69.40947075208913, 176.12707182320443)]
USW00093852, [(1886, 155.86575342465753, 245.43561643835616)]
USW00094728, [(1880, 75.76229508196721, 156.9863387978142),(1889, 78.42465753424658, 154.22465753424657)]
UZM00038457, [(1881, 116.0, 240.63837638376384)]
