AGE00147705, [(1887, 145.2, 228.2277777777778)]
AGE00147709, [(1889, 90.91445427728614, 174.68208092485548)]
AGE00147711, [(1887, 93.9275766016713, 215.0)]
AGE00147713, [(1888, 74.66101694915254, 203.2130681818182)]
AGE00147715, [(1889, 88.6687306501548, 237.90273556231003)]
AGE00147716, [(1885, 135.4640522875817, 232.78758169934642)]
AGE00147717, [(1881, 87.36712328767123, 248.38082191780822)]
AGE00147718, [(1886, 145.8598901098901, 266.3924418604651)]
AM000037789, [(1889, 62.76438356164383, 0.0)]
ASN00014016, [(1889, 240.53150684931506, 339.9972602739726)]
ASN00015540, [(1883, 120.37637362637362, 298.05753424657536)]
ASN00026026, [(1885, 93.16712328767123, 182.44729344729345)]
ASN00048013, [(1882, 146.96438356164384, 278.4547945205479)]
ASN00048030, [(1889, 154.96986301369864, 288.18630136986303)]
ASN00052026, [(1880, 127.46666666666667, 278.89722222222224),(1889, 140.58677685950414, 250.08264462809916)]
ASN00055023, [(1880, 49.127946127946124, 287.1986531986532),(1889, 142.41596638655463, 281.3529411764706)]
ASN00056017, [(1885, 116.52452830188679, 243.46212121212122)]
ASN00063004, [(1882, 66.51937984496124, 210.22779922779924)]
ASN00065016, [(1886, 94.63013698630137, 237.76954732510288)]
ASN00066062, [(1881, 130.8904109589041, 204.2164383561644)]
ASN00072151, [(1882, 63.44656488549618, 228.23282442748092)]
ASN00074128, [(1885, 76.87459807073955, 260.5176848874598)]
ASN00086071, [(1882, 95.13424657534246, 198.4849315068493)]
ASN00090015, [(1880, 104.39617486338798, 193.89890710382514),(1889, 108.27945205479452, 185.81714285714287)]
ASN00091049, [(1884, 108.5, 234.74074074074073)]
ASN00094029, [(1886, 73.71232876712328, 164.13150684931506)]
AU000005010, [(1887, 40.054794520547944, 110.43287671232876)]
AU000005901, [(1881, 47.9013698630137, 122.95068493150686)]
AU000006306, [(1881, 38.41917808219178, 123.01917808219179)]
AU000011801, [(1882, 37.827397260273976, 136.1123287671233)]
BE000006447, [(1882, 58.172602739726024, 131.03287671232877)]
CA001114620, [(1882, 35.85479452054795, 134.586301369863)]
CA001167635, [(1889, 42.55807365439094, 162.80845070422535)]
CA003012195, [(1887, -76.25641025641026, 65.29235880398672)]
CA003031093, [(1886, -39.83835616438356, 106.61917808219178)]
CA003032680, [(1886, -73.32727272727273, 65.50909090909092)]
CA003033879, [(1887, -208.72881355932202, -99.89830508474576)]
CA003034480, [(1889, -8.558904109589042, 134.22739726027396)]
CA003050520, [(1887, -193.41176470588235, -74.17647058823529)]
CA003072145, [(1880, -97.4153005464481, 50.22527472527472)]
CA003072657, [(1887, -188.125, -106.06008583690988)]
CA004016320, [(1888, -55.80054644808743, 58.778688524590166)]
CA004016560, [(1885, -59.057534246575344, 75.0958904109589)]
CA004028035, [(1885, -108.41935483870968, 1.8387096774193548)]
CA004040420, [(1881, -102.26285714285714, 40.462857142857146)]
CA005011760, [(1880, 0.0, -144.05882352941177),(1889, -52.917808219178085, 100.69589041095891)]
CA005012520, [(1888, -82.47790055248619, 47.467213114754095)]
CA005022547, [(1884, -76.9672131147541, 57.40710382513661)]
CA005022790, [(1884, -62.24657534246575, 59.87123287671233)]
CA005023243, [(1881, -58.49315068493151, 71.68767123287671)]
CA006046588, [(1880, -53.23224043715847, 65.81420765027322),(1889, -29.126027397260273, 85.24931506849315)]
CA006075400, [(1880, -72.24793388429752, 34.92286501377411),(1889, -127.34177215189874, -27.696202531645568)]
CA006085023, [(1887, -47.83934426229508, 113.93548387096774)]
CA006085682, [(1888, -60.8671096345515, 91.4717607973422)]
CA006092915, [(1882, -104.16071428571429, -16.767857142857142)]
CA006094450, [(1880, 5.4316939890710385, 98.09289617486338),(1889, 14.408219178082192, 108.74520547945205)]
CA006101872, [(1883, -8.975342465753425, 103.96712328767123)]
CA006104185, [(1886, 16.621917808219177, 106.18082191780822)]
CA006105887, [(1885, -21.912328767123288, 85.46301369863014)]
CA006106362, [(1884, -17.724719101123597, 106.73033707865169)]
CA006107003, [(1885, 1.79672131147541, 129.33770491803278)]
CA006108060, [(1887, -45.24931506849315, 98.4876712328767)]
CA006110549, [(1885, -10.376373626373626, 93.72802197802197)]
CA006110605, [(1883, -38.99178082191781, 84.86301369863014)]
CA006111375, [(1887, -51.12759643916914, 100.74794520547945)]
CA006111766, [(1886, 7.115068493150685, 113.07945205479452)]
CA006112171, [(1883, -0.7890410958904109, 85.69315068493151)]
CA006113000, [(1888, -17.636111111111113, 98.075)]
CA006113660, [(1885, -90.37810945273633, 29.218905472636816)]
CA006116128, [(1883, -14.199445983379501, 92.14681440443213)]
CA006116254, [(1886, -13.901369863013699, 99.72876712328767)]
CA006119064, [(1887, -38.12876712328767, 99.2986301369863)]
CA006122845, [(1883, 17.027397260273972, 102.45479452054795)]
CA006124127, [(1888, 1.4325153374233128, 99.7760736196319)]
CA006124700, [(1888, 3.6346153846153846, 110.9945205479452)]
CA006127887, [(1881, 14.786301369863013, 114.87123287671233)]
CA006129850, [(1886, 14.013698630136986, 119.7041095890411)]
CA006136643, [(1888, 20.93169398907104, 112.16666666666667)]
CA006136694, [(1885, 6.260273972602739, 112.89315068493151)]
CA006137735, [(1882, 24.883870967741935, 129.33225806451614)]
CA006139520, [(1885, 13.217252396166135, 128.65495207667732)]
CA006140941, [(1883, -42.121212121212125, 69.74242424242425)]
CA006141095, [(1882, 17.38150289017341, 119.92173913043479)]
CA006141843, [(1881, 9.623626373626374, 126.59504132231405)]
CA006142252, [(1889, 24.79874213836478, 117.99371069182389)]
CA006142284, [(1887, 5.698630136986301, 109.34520547945205)]
CA006142993, [(1886, 13.12054794520548, 121.44383561643835)]
CA006143083, [(1889, 9.389972144846796, 126.08100558659218)]
CA006144470, [(1882, 19.73860182370821, 124.78353658536585)]
CA006144505, [(1883, 27.326797385620914, 139.52287581699346)]
CA006148100, [(1882, 5.047197640117994, 108.42182890855457)]
CA006149625, [(1884, 2.8961748633879782, 118.37978142076503)]
CA006150913, [(1880, 27.158640226628894, 120.84426229508196)]
CA006153192, [(1887, -6.440828402366864, 136.5596590909091)]
CA006155876, [(1888, -30.008196721311474, 70.04098360655738)]
CA006158350, [(1883, 6.402739726027397, 100.95616438356164)]
CA006160465, [(1889, -58.21951219512195, 35.25609756097561)]
CA006164297, [(1882, 10.002898550724638, 0.0)]
CA006164430, [(1887, -10.216438356164383, 116.14520547945206)]
CA006165195, [(1887, -38.93698630136986, 115.81643835616438)]
CA006165716, [(1888, -35.71947194719472, 79.92079207920793)]
CA006166416, [(1887, -15.690751445086706, 128.6986301369863)]
CA007016280, [(1884, -16.07123287671233, 77.83835616438355)]
CA007021952, [(1887, -37.66575342465753, 77.38630136986302)]
CA007023240, [(1883, -11.355371900826446, 90.92561983471074)]
CA007025280, [(1883, -1.9698630136986301, 89.47123287671234)]
CA007026465, [(1880, -5.803827751196172, 128.2488038277512),(1889, -4.381868131868132, 112.57142857142857)]
CA007050200, [(1884, -27.44808743169399, 30.524590163934427)]
CA007050790, [(1888, -3.180327868852459, 65.16120218579235)]
CA007056067, [(1882, -31.767123287671232, 57.79178082191781)]
CA007061440, [(1888, -40.421203438395416, 71.98850574712644)]
CA008100500, [(1883, -48.42238267148014, 75.35018050541517)]
CA008100990, [(1888, -19.325136612021858, 90.19125683060109)]
CA008101170, [(1888, -24.875, 72.86666666666666)]
CA008101230, [(1888, -14.827868852459016, 85.39071038251366)]
CA008101700, [(1886, -10.26849315068493, 104.33150684931506)]
CA008101920, [(1888, 4.7650273224043715, 92.43442622950819)]
CA008103825, [(1888, -25.114754098360656, 56.09836065573771)]
CA008104600, [(1884, 3.978142076502732, 97.93715846994536)]
CA008104800, [(1882, 5.361643835616438, 81.26301369863013)]
CA008105600, [(1889, 2.9367469879518073, 112.89714285714285)]
CA008200150, [(1887, 69.51724137931035, 197.17241379310346)]
CA008200300, [(1884, -2.5532646048109964, 106.42268041237114)]
CA008202198, [(1882, 14.693370165745856, 103.53591160220995)]
CA008204420, [(1889, 31.073972602739726, 121.66575342465754)]
CA008205698, [(1883, -3.2986301369863016, 96.9068493150685)]
CA008205988, [(1887, -3.3333333333333335, 110.31932773109244)]
CA008206490, [(1886, 18.29106628242075, 111.35795454545455)]
CA008300298, [(1881, 6.145205479452055, 89.75274725274726)]
CA008300441, [(1888, -11.238356164383562, 82.36612021857924)]
CA008401125, [(1884, -138.8, 0.0)]
CA008403500, [(1888, 3.2950819672131146, 80.00819672131148)]
CE000043497, [(1884, 233.15300546448088, 292.77322404371586)]
CE000434730, [(1880, 97.69850746268656, 187.34328358208955),(1889, 103.19834710743801, 209.74794520547945)]
CYE00100074, [(1887, 118.9041095890411, 262.6191780821918)]
DA000021100, [(1882, 57.33150684931507, 106.41643835616438)]
DA000025140, [(1883, 52.04931506849315, 105.84109589041095)]
DA000027080, [(1884, 56.46174863387978, 109.13387978142076)]
DA000030380, [(1884, 45.35245901639344, 121.1584699453552)]
DA000032030, [(1887, 51.49589041095891, 99.64931506849315)]
EGE00147726, [(1884, 105.76438356164384, 247.4986301369863)]
EGE00147732, [(1884, 131.21311475409837, 267.0659340659341)]
EI000003969, [(1883, 45.221917808219175, 126.17534246575343)]
EIE00101859, [(1884, 72.27123287671233, 134.5136612021858)]
EZE00100082, [(1881, 47.778082191780825, 116.31506849315069)]
FRE00104937, [(1883, 0.0, 9990.0)]
GG000037545, [(1885, 74.16164383561645, 0.0)]
GLE00100981, [(1880, -36.093877551020405, 0.0),(1889, -89.23287671232876, 0.0)]
GM000002698, [(1883, 58.701369863013696, 136.61917808219178)]
GM000003319, [(1880, 61.978142076502735, 140.35245901639345),(1889, 55.93698630136986, 124.82465753424657)]
GM000004063, [(1886, 46.71506849315068, 139.73150684931508)]
GM000004199, [(1885, 36.31780821917808, 125.8054794520548)]
GM000004204, [(1886, 33.676712328767124, 138.3945205479452)]
GM000010962, [(1881, 22.504109589041096, 95.08219178082192)]
GMW00035032, [(1884, 64.76775956284153, 144.83879781420765)]
HR000142360, [(1886, 71.19658119658119, 149.2193732193732)]
HRE00105189, [(1883, 128.37808219178083, 193.7917808219178)]
ITE00100550, [(1881, 110.18356164383562, 160.73150684931508)]
ITE00100554, [(1883, 86.67945205479452, 166.51232876712328)]
KZ000035700, [(1887, 0.0, 244.1138211382114)]
RSM00022550, [(1887, -17.073972602739726, 40.81095890410959)]
RSM00026063, [(1884, -2.0054644808743167, 70.81967213114754)]
RSM00026477, [(1884, 15.41795665634675, 107.80745341614907)]
RSM00027857, [(1881, -29.468842729970326, 0.0)]
RSM00028440, [(1889, -108.23868312757202, 58.41917808219178)]
RSM00029263, [(1888, -77.4375, 0.0)]
RSM00030710, [(1887, -78.5068493150685, 65.66027397260274)]
RSM00031369, [(1888, -60.90633608815427, 0.0)]
RSM00032061, [(1883, -54.704109589041096, 0.0)]
RSM00034163, [(1884, -20.76502732240437, 0.0)]
RSM00034880, [(1884, 49.14754098360656, 143.53551912568307)]
RSM00037472, [(1884, 79.05464480874316, 0.0)]
SZ000006717, [(1883, -42.95890410958904, 7.794520547945205)]
UK000000000, [(1882, 57.915068493150685, 131.55616438356165)]
UK000003026, [(1886, 39.298630136986304, 102.2)]
UK000047811, [(1888, 46.28142076502732, 119.22950819672131)]
UK000056225, [(1886, 55.8027397260274, 129.5945205479452)]
UPM00033345, [(1886, 25.876712328767123, 110.15342465753425)]
UPM00033910, [(1885, 53.484931506849314, 0.0)]
UPM00033976, [(1882, 101.21369863013699, 150.6)]
USC00015555, [(1883, 143.5068493150685, 250.7917808219178)]
USC00030936, [(1886, 176.38181818181818, 298.97076023391816)]
USC00034251, [(1883, 121.39118457300276, 222.8870523415978)]
USC00034562, [(1887, 154.10185185185185, 320.96666666666664)]
USC00035186, [(1884, 121.38271604938272, 291.18407960199005)]
USC00035754, [(1889, 156.71354166666666, 270.130890052356)]
USC00043157, [(1884, 15.836065573770492, 151.80054644808743)]
USC00047738, [(1881, 117.14246575342466, 200.0027397260274)]
USC00053010, [(1880, -55.595628415300546, 127.71857923497268)]
USC00064767, [(1880, 42.4207650273224, 156.2295081967213),(1889, 53.52054794520548, 151.2821917808219)]
USC00067361, [(1887, 34.06868131868132, 139.78021978021977)]
USC00090284, [(1887, -24.375, 0.0)]
USC00134049, [(1888, -189.80645161290323, -121.41935483870968)]
USC00172740, [(1888, -10.634349030470915, 103.85164835164835)]
USC00175070, [(1889, -33.22222222222222, 235.21428571428572)]
USC00176902, [(1881, 51.01917808219178, 131.18082191780823)]
USC00191097, [(1885, 38.87227414330218, 133.72530864197532)]
USC00193110, [(1888, -12.824074074074074, 108.50308641975309)]
USC00194295, [(1888, 42.013661202185794, 123.80054644808743)]
USC00194340, [(1888, -0.0273224043715847, 119.79234972677595)]
USC00194405, [(1886, 120.17934782608695, 194.80978260869566)]
USC00194875, [(1887, 15.819178082191781, 142.35616438356163)]
USC00196988, [(1886, 31.02747252747253, 111.13150684931507)]
USC00198374, [(1889, 56.97260273972603, 157.0986301369863)]
USC00198375, [(1885, 27.583561643835615, 149.87123287671233)]
USC00198960, [(1888, 15.333333333333334, 136.84984984984985)]
USC00199731, [(1885, -32.814126394052046, 72.14179104477611)]
USC00200032, [(1887, -42.794520547945204, 78.27027027027027)]
USC00200718, [(1888, -33.0, 72.0)]
USC00205065, [(1888, 59.17934782608695, 130.55434782608697)]
USC00263040, [(1888, -34.06666666666667, 117.6896551724138)]
USC00267835, [(1887, -44.5, 147.88524590163934)]
USC00270690, [(1888, -29.629834254143645, 104.12154696132596)]
USC00271678, [(1884, -46.57377049180328, 52.36065573770492)]
USC00271682, [(1883, 10.263013698630138, 137.95342465753424)]
USC00275072, [(1889, 28.701219512195124, 132.54954954954954)]
USC00275712, [(1888, 17.16716417910448, 135.17611940298508)]
USC00277060, [(1887, 3.2344322344322345, 125.28937728937728)]
USC00298072, [(1881, 41.410828025477706, 173.97452229299364)]
USC00301010, [(1886, 40.44931506849315, 120.83561643835617)]
USC00319462, [(1881, 135.70958904109588, 224.36712328767123)]
USC00331662, [(1888, 47.060109289617486, 132.73224043715848)]
USC00338366, [(1883, 47.66301369863014, 137.5945205479452)]
USC00343300, [(1881, 107.58630136986301, 231.2869318181818)]
USC00354506, [(1889, 20.49173553719008, 159.85185185185185)]
USC00363711, [(1888, 89.90760869565217, 172.52173913043478)]
USC00367239, [(1885, 35.974264705882355, 111.26838235294117)]
USC00383742, [(1885, 154.69021739130434, 283.6304347826087)]
USC00419421, [(1887, 203.42391304347825, 324.32608695652175)]
USC00422996, [(1888, -44.89344262295082, 164.7431693989071)]
USC00431072, [(1888, -83.29166666666667, 101.80124223602485)]
USC00435733, [(1889, 9.101369863013698, 112.40821917808219)]
USC00456109, [(1883, 52.397260273972606, 146.74246575342465)]
USC00466207, [(1883, -21.355555555555554, 77.16666666666667)]
USC00474375, [(1887, 20.471232876712328, 128.6958904109589)]
USC00474966, [(1884, 20.349726775956285, 109.3224043715847)]
USC00475484, [(1888, 22.10655737704918, 105.00546448087432)]
USC00485355, [(1881, 878.0, 44.0)]
USW00012945, [(1883, 196.2394366197183, 325.92056074766356)]
USW00013724, [(1881, 79.68767123287671, 150.9095890410959)]
USW00013872, [(1880, 15.403846153846153, 116.11320754716981),(1889, 73.39944134078212, 190.60055865921788)]
USW00014838, [(1880, 4.912568306010929, 105.44262295081967),(1889, 13.389041095890411, 96.01095890410959)]
USW00014936, [(1887, -13.158904109589042, 121.62465753424658)]
USW00014971, [(1888, 29.879781420765028, 152.224043715847)]
USW00023271, [(1883, 93.07945205479452, 219.46849315068494)]
USW00024121, [(1888, -13.575091575091575, 228.2087912087912)]
USW00024128, [(1887, 7.306849315068493, 178.73150684931508)]
USW00024274, [(1885, 73.43013698630136, 189.44657534246576)]
USW00053875, [(1885, 97.77260273972603, 197.06575342465754)]
USW00053919, [(1883, 151.36, 293.58152173913044)]
USW00093725, [(1884, 81.10382513661202, 182.10382513661202)]
USW00093852, [(1883, 175.6931506849315, 260.7917808219178)]
USW00094728, [(1886, 66.4958904109589, 148.81643835616438)]
UZM00038618, [(1882, 55.016666666666666, 0.0)]
