AGE00135039, [(1885, 140.95068493150686, 239.1023102310231)]
AGE00147708, [(1888, 112.202216066482, 235.26315789473685)]
AGE00147709, [(1884, 95.11748633879782, 189.33018867924528)]
AGE00147712, [(1887, 79.375, 230.41129032258064)]
AGE00147716, [(1880, 0.0, 240.5191256830601),(1889, 124.070796460177, 214.40828402366864)]
AGE00147717, [(1885, 75.76415094339623, 235.5693641618497)]
AGE00147718, [(1881, 157.99701492537312, 283.8123076923077)]
AGE00147720, [(1888, 56.67289719626168, 219.3827160493827)]
AJ000037735, [(1882, 96.55228758169935, 210.9346405228758)]
ASN00015540, [(1887, 122.47397260273972, 289.90410958904107)]
ASN00026026, [(1889, 94.78904109589041, 191.25753424657535)]
ASN00033046, [(1889, 224.16949152542372, 291.1551724137931)]
ASN00048013, [(1886, 127.03835616438356, 289.9972602739726)]
ASN00048030, [(1884, 104.02011494252874, 324.625)]
ASN00052026, [(1884, 133.22191011235955, 290.6912568306011)]
ASN00055023, [(1884, 128.6264705882353, 261.0235294117647)]
ASN00056017, [(1880, 75.8932584269663, 225.62640449438203),(1889, 113.90082644628099, 215.05769230769232)]
ASN00063004, [(1886, 66.74524714828897, 211.35361216730038)]
ASN00065016, [(1881, 103.78904109589041, 247.46849315068494)]
ASN00066062, [(1885, 137.92876712328768, 215.85205479452054)]
ASN00072151, [(1886, 83.14285714285714, 218.99293286219083)]
ASN00074128, [(1880, 85.58441558441558, 233.41479099678457),(1889, 84.60322580645162, 266.78709677419357)]
ASN00086071, [(1886, 90.45753424657535, 191.16712328767125)]
ASN00090015, [(1884, 96.78595317725753, 188.40389972144845)]
AU000005010, [(1882, 49.43287671232877, 122.8082191780822)]
AU000005901, [(1885, 54.057534246575344, 136.6931506849315)]
AU000006306, [(1885, 48.986301369863014, 141.12876712328767)]
AU000011801, [(1886, 46.57534246575342, 130.83013698630137)]
AU000015410, [(1889, -92.98904109589041, -49.03013698630137)]
BE000006447, [(1886, 53.202739726027396, 132.16986301369863)]
CA001066336, [(1888, 33.37003058103976, 104.36612021857924)]
CA001101530, [(1881, 57.59327217125382, 149.33639143730886)]
CA001104468, [(1880, 32.540192926045016, 117.016077170418)]
CA001167635, [(1884, 45.996350364963504, 167.6970802919708)]
CA003012195, [(1882, -53.17796610169491, 75.05633802816901)]
CA003031093, [(1881, -121.71641791044776, 17.029850746268657)]
CA003034480, [(1884, -19.391534391534393, 92.45081967213115)]
CA003072145, [(1884, -4.292887029288703, 141.5774058577406)]
CA004016320, [(1883, -18.30841121495327, 102.96261682242991)]
CA004019070, [(1884, -90.084388185654, 33.244725738396625)]
CA004028035, [(1889, -31.065753424657533, 123.9013698630137)]
CA004040420, [(1885, -290.07142857142856, -188.71428571428572)]
CA004056230, [(1885, -108.13168724279835, 43.5679012345679)]
CA005011760, [(1884, -83.2103825136612, 45.00819672131148)]
CA005012279, [(1887, -128.82165605095543, 67.60915492957747)]
CA005012520, [(1883, -118.67826086956522, 6.9)]
CA005012540, [(1887, -68.47123287671234, 77.0989010989011)]
CA005022790, [(1888, -61.40163934426229, 69.58196721311475)]
CA005023243, [(1885, -61.8986301369863, 60.47123287671233)]
CA005063350, [(1888, -133.92896174863387, -53.404371584699454)]
CA006046588, [(1884, -54.775956284153004, 64.82786885245902)]
CA006055095, [(1882, -35.78260869565217, 50.09782608695652)]
CA006085023, [(1882, 88.64, 217.12)]
CA006101658, [(1888, 17.536723163841806, 145.3370786516854)]
CA006101872, [(1887, -2.6904109589041094, 108.22191780821917)]
CA006102417, [(1882, -10.03323262839879, 121.87987012987013)]
CA006104185, [(1881, 24.424657534246574, 127.7041095890411)]
CA006105887, [(1880, 6.108333333333333, 120.81111111111112),(1889, 6.482191780821918, 112.07671232876713)]
CA006106362, [(1888, -92.5031055900621, 25.012422360248447)]
CA006107003, [(1889, -7.915966386554622, 121.88397790055248)]
CA006108060, [(1882, -26.4027397260274, 98.37808219178082)]
CA006110549, [(1880, 8.178571428571429, 116.79945054945055)]
CA006110605, [(1887, -26.257534246575343, 97.28219178082192)]
CA006111793, [(1881, 103.9090909090909, 205.11363636363637)]
CA006112171, [(1887, 9.069832402234637, 106.05263157894737)]
CA006113000, [(1883, -17.202739726027396, 93.23351648351648)]
CA006113660, [(1880, -42.06716417910448, 86.32835820895522)]
CA006116128, [(1887, -10.437673130193906, 113.36754966887418)]
CA006116254, [(1881, -1.8794520547945206, 111.77534246575343)]
CA006120315, [(1885, -0.13424657534246576, 105.11780821917809)]
CA006122845, [(1887, 24.361643835616437, 112.69589041095891)]
CA006124127, [(1883, 36.296551724137935, 107.92613636363636)]
CA006127887, [(1885, -10.027397260273972, 91.7068493150685)]
CA006129850, [(1881, 73.1534090909091, 184.27272727272728)]
CA006136643, [(1883, 19.12054794520548, 104.81369863013698)]
CA006136694, [(1880, 34.068306010928964, 140.15300546448088),(1889, 33.07945205479452, 125.5013698630137)]
CA006137147, [(1886, 16.284122562674096, 129.47353760445682)]
CA006137735, [(1886, 18.361022364217252, 118.03833865814697)]
CA006139445, [(1883, 8.118457300275482, 115.16804407713498)]
CA006139520, [(1880, 39.3343949044586, 149.64012738853503)]
CA006140941, [(1887, 17.02770083102493, 135.6778711484594)]
CA006141095, [(1886, 6.345505617977528, 120.35028248587571)]
CA006141843, [(1885, -17.28767123287671, 100.03561643835616)]
CA006142284, [(1882, 7.8273972602739725, 108.92328767123287)]
CA006142993, [(1881, 23.567123287671233, 132.27671232876713)]
CA006143083, [(1884, 5.286885245901639, 120.51912568306011)]
CA006143780, [(1880, -35.15533980582524, 59.22018348623853)]
CA006144470, [(1886, -6.609427609427609, 102.13898305084746)]
CA006144505, [(1887, 17.873972602739727, 120.44109589041096)]
CA006148100, [(1886, 8.073972602739726, 111.4904109589041)]
CA006148120, [(1881, -29.634615384615383, 44.32692307692308)]
CA006149625, [(1888, -1.6830601092896176, 114.36338797814207)]
CA006150243, [(1888, -18.060109289617486, 92.33333333333333)]
CA006150913, [(1884, 6.415300546448087, 111.94535519125684)]
CA006152007, [(1885, -1.4116022099447514, 105.52486187845304)]
CA006153192, [(1882, 13.64931506849315, 140.24383561643836)]
CA006155876, [(1883, 4.183561643835616, 99.62912087912088)]
CA006158350, [(1887, 19.356164383561644, 114.6054794520548)]
CA006160465, [(1884, -35.95, 100.4298245614035)]
CA006164297, [(1886, -22.510135135135137, 129.48598130841123)]
CA006164430, [(1882, -0.6328767123287671, 113.94520547945206)]
CA006166416, [(1882, 6.112179487179487, 122.7724358974359)]
CA007016280, [(1888, -19.243169398907103, 66.53825136612022)]
CA007021952, [(1882, -31.09041095890411, 74.55890410958904)]
CA007021954, [(1883, -24.082872928176794, 97.22375690607734)]
CA007023240, [(1887, -7.0, 96.9041095890411)]
CA007025280, [(1887, 5.890410958904109, 95.64931506849315)]
CA007026465, [(1884, -19.50137741046832, 100.98626373626374)]
CA007050200, [(1888, -7.076502732240437, 47.59836065573771)]
CA007050790, [(1883, -8.832876712328767, 65.28219178082192)]
CA007056067, [(1886, -29.775342465753425, 57.83835616438356)]
CA007061440, [(1883, -41.263345195729535, 90.1)]
CA008100500, [(1887, -35.76601671309192, 95.36944444444444)]
CA008100990, [(1883, -30.745205479452054, 91.64657534246575)]
CA008101170, [(1883, -43.8756906077348, 63.649171270718234)]
CA008101700, [(1881, -5.164383561643835, 108.96986301369863)]
CA008101920, [(1883, 42.33898305084746, 132.70056497175142)]
CA008104600, [(1888, -0.1092896174863388, 92.62295081967213)]
CA008104800, [(1886, 3.654696132596685, 98.03867403314918)]
CA008200150, [(1882, -14.825, 114.31899641577061)]
CA008202198, [(1886, 22.92054794520548, 116.4904109589041)]
CA008204420, [(1884, 8.480874316939891, 100.6256830601093)]
CA008204480, [(1887, -45.71910112359551, 11.247191011235955)]
CA008205698, [(1887, 8.23013698630137, 103.04931506849314)]
CA008205988, [(1882, -5.458563535911602, 103.91735537190083)]
CA008206410, [(1883, -135.10526315789474, 69.56424581005587)]
CA008206490, [(1881, 27.804532577903682, 104.75428571428571)]
CA008300298, [(1885, -0.07945205479452055, 92.32876712328768)]
CA008300441, [(1883, -17.506849315068493, 88.24931506849315)]
CA008403500, [(1883, -7.201657458563536, 106.2396694214876)]
CA008500500, [(1885, -23.159779614325068, 16.713498622589533)]
CE000043497, [(1888, 233.30601092896174, 304.0464480874317)]
CE000434730, [(1884, 94.50546448087432, 194.4945355191257)]
CYE00100074, [(1882, 84.61581920903954, 220.86524822695034)]
DA000021100, [(1886, 42.875, 97.41369863013699)]
DA000025140, [(1887, 42.602739726027394, 99.67397260273972)]
DA000027080, [(1888, 34.885245901639344, 90.30054644808743)]
DA000030380, [(1888, 29.05191256830601, 98.2103825136612)]
DA000032030, [(1882, 61.726027397260275, 107.42191780821918)]
EGE00147732, [(1888, 159.10382513661202, 274.672131147541)]
EI000003969, [(1887, 44.06849315068493, 127.53424657534246)]
EIE00101859, [(1888, 67.7817679558011, 133.2258953168044)]
EZE00100082, [(1885, 56.967123287671235, 128.1068493150685)]
FRE00104937, [(1887, 0.0, 9990.0)]
GG000037545, [(1889, 92.7185628742515, 200.03892215568862)]
GLE00100981, [(1884, -126.18611111111112, 0.0)]
GM000002698, [(1887, 38.69315068493151, 128.96986301369864)]
GM000003319, [(1884, 46.68852459016394, 137.30327868852459)]
GM000004063, [(1881, 37.88493150684931, 118.67671232876712)]
GM000004199, [(1880, 40.26229508196721, 124.02732240437159),(1889, 35.78630136986301, 112.7972602739726)]
GM000004204, [(1881, 24.578082191780823, 130.9041095890411)]
GM000010962, [(1885, 25.063013698630137, 103.96438356164384)]
GMW00035032, [(1888, 50.177595628415304, 124.22404371584699)]
HR000142360, [(1881, 62.33698630136986, 139.58356164383562)]
HRE00105189, [(1887, 130.7068493150685, 199.04657534246576)]
ITE00100550, [(1885, 102.2986301369863, 167.05205479452056)]
ITE00100554, [(1887, 82.10958904109589, 165.1205479452055)]
KZ000035700, [(1882, -116.38709677419355, 0.0)]
RSM00022550, [(1882, -10.113772455089821, 41.90718562874252)]
RSM00024959, [(1888, 9.462962962962964, 127.97619047619048)]
RSM00026063, [(1888, -16.688524590163933, 56.87978142076503)]
RSM00026477, [(1888, -22.275862068965516, 73.253125)]
RSM00031369, [(1883, -14.766666666666667, 0.0)]
RSM00032061, [(1887, -53.52054794520548, 0.0)]
RSM00032071, [(1889, -81.04347826086956, 0.0)]
RSM00037472, [(1888, 85.39890710382514, 0.0)]
SZ000002220, [(1884, -45.11077844311377, 12.09009009009009)]
SZ000006717, [(1887, -58.01917808219178, 15.706849315068494)]
TS000060765, [(1889, 137.02191780821917, 256.3972602739726)]
TSE00147769, [(1887, 116.95774647887323, 231.7134831460674)]
TSE00147775, [(1887, 155.98554913294797, 229.3984962406015)]
TX000038763, [(1883, 211.25, 0.0)]
TX000038895, [(1889, 48.888888888888886, 0.0)]
UK000000000, [(1886, 51.73972602739726, 122.87945205479453)]
UK000003026, [(1881, 40.90958904109589, 98.95342465753424)]
UK000047811, [(1883, 46.66575342465753, 121.46301369863014)]
UK000056225, [(1881, 55.22802197802198, 132.85479452054796)]
UPM00033345, [(1881, 14.75328947368421, 83.98684210526316)]
UPM00033587, [(1888, 20.06528189910979, 127.1839762611276)]
UPM00033910, [(1889, 52.54545454545455, 0.0)]
UPM00033946, [(1889, 57.970238095238095, 0.0)]
USC00015555, [(1887, 135.55616438356165, 242.6958904109589)]
USC00033466, [(1889, 99.80494505494505, 246.20520231213874)]
USC00034251, [(1887, 113.04931506849314, 225.16712328767125)]
USC00034988, [(1885, 87.45429362880887, 206.4793388429752)]
USC00035186, [(1888, 164.17877094972067, 300.5195530726257)]
USC00035754, [(1884, 203.66417910447763, 299.2631578947368)]
USC00043157, [(1888, 27.811475409836067, 172.76775956284152)]
USC00047738, [(1885, 129.3835616438356, 210.36986301369862)]
USC00061536, [(1887, -78.73728813559322, 45.33898305084746)]
USC00064767, [(1884, 39.87431693989071, 150.3224043715847)]
USC00065445, [(1887, -105.45762711864407, -10.322033898305085)]
USC00090430, [(1886, 92.55068493150685, 203.45205479452054)]
USC00117391, [(1888, -43.58064516129032, 53.45161290322581)]
USC00134049, [(1883, 87.68727272727273, 151.95636363636365)]
USC00173046, [(1889, 34.3041095890411, 131.37534246575342)]
USC00174230, [(1887, -24.786713286713287, 75.11827956989248)]
USC00176655, [(1886, -6.6490066225165565, 41.43046357615894)]
USC00176902, [(1885, 30.627397260273973, 121.64931506849315)]
USC00190595, [(1887, -99.72413793103448, -14.11864406779661)]
USC00191097, [(1889, 52.11363636363637, 136.90027700831024)]
USC00191650, [(1885, 46.49589041095891, 129.13424657534247)]
USC00191820, [(1886, 36.184065934065934, 110.81868131868131)]
USC00192010, [(1888, 18.75414364640884, 128.95580110497238)]
USC00193625, [(1887, 27.635616438356163, 0.0)]
USC00194360, [(1887, 43.74175824175824, 123.66849315068494)]
USC00194795, [(1887, 36.9041095890411, 136.32602739726028)]
USC00195145, [(1888, 134.79508196721312, 222.88333333333333)]
USC00196770, [(1886, 48.90909090909091, 168.3262195121951)]
USC00198375, [(1889, 45.136986301369866, 154.26301369863015)]
USC00215638, [(1888, -13.502732240437158, 86.67397260273972)]
USC00254812, [(1882, -28.425, -256.275)]
USC00262383, [(1889, 121.44351464435147, 251.35537190082644)]
USC00263515, [(1888, -2.4257425742574257, 127.79)]
USC00264939, [(1886, 29.66849315068493, 172.7780821917808)]
USC00269430, [(1889, 120.91358024691358, 246.52469135802468)]
USC00271678, [(1888, 17.469945355191257, 119.47814207650273)]
USC00271682, [(1887, 25.731506849315068, 129.67123287671234)]
USC00278440, [(1888, -10.844262295081966, 121.74590163934427)]
USC00278854, [(1888, -15.397553516819572, 105.18983050847457)]
USC00287865, [(1883, 81.97032640949556, 155.57566765578636)]
USC00288878, [(1887, 130.93406593406593, 196.07142857142858)]
USC00298072, [(1885, 30.663013698630138, 154.85479452054796)]
USC00300958, [(1888, 26.113300492610836, 81.34358974358975)]
USC00301010, [(1881, 45.054794520547944, 124.66027397260274)]
USC00307633, [(1888, 57.478142076502735, 136.0)]
USC00319191, [(1889, 94.08611111111111, 202.8060941828255)]
USC00319462, [(1885, 123.69589041095891, 220.62739726027397)]
USC00331662, [(1883, 41.865753424657534, 132.32876712328766)]
USC00338366, [(1887, 46.0027397260274, 142.7945205479452)]
USC00343300, [(1885, 70.64931506849315, 215.25479452054793)]
USC00367239, [(1889, 47.657534246575345, 161.98626373626374)]
USC00383742, [(1889, 133.11267605633802, 262.51173708920186)]
USC00413257, [(1881, 115.32463768115942, 221.04347826086956)]
USC00431072, [(1883, 0.0, -5.032258064516129)]
USC00456109, [(1887, 47.15890410958904, 144.1205479452055)]
USC00464045, [(1886, 49.153424657534245, 158.3972602739726)]
USC00464897, [(1889, 108.3723849372385, 184.94979079497907)]
USC00474375, [(1882, 46.487671232876714, 130.15616438356165)]
USC00474966, [(1888, 17.505464480874316, 108.7103825136612)]
USC00475484, [(1883, 22.345205479452055, 106.33698630136986)]
USW00012945, [(1887, 192.65217391304347, 317.19565217391306)]
USW00013724, [(1885, 65.78630136986301, 145.06575342465754)]
USW00013984, [(1886, 45.21917808219178, 170.03561643835616)]
USW00014838, [(1884, -97.74590163934427, 9.073770491803279)]
USW00014898, [(1887, 9.852054794520548, 110.41643835616438)]
USW00014936, [(1882, 5.947945205479452, 133.3178082191781)]
USW00014971, [(1883, 103.61904761904762, 194.45539906103286)]
USW00023271, [(1887, 87.87123287671233, 228.08767123287672)]
USW00024128, [(1882, 4.421917808219178, 159.96438356164384)]
USW00024274, [(1880, 61.568306010928964, 148.97540983606558),(1889, 71.93424657534247, 181.4931506849315)]
USW00053875, [(1880, 114.5846994535519, 207.75409836065575),(1889, 102.95616438356164, 213.33424657534246)]
USW00053919, [(1887, 118.45238095238095, 316.3809523809524)]
USW00093725, [(1888, 73.0464480874317, 169.28415300546447)]
USW00093820, [(1889, 84.11428571428571, 180.5742857142857)]
USW00093852, [(1887, 155.53424657534248, 252.73150684931508)]
USW00094728, [(1881, 73.44657534246575, 152.56164383561645)]
UZM00038457, [(1882, 104.96026490066225, 198.76923076923077)]
