AGE00135039, [(1887, 142.0775623268698, 221.58904109589042)]
AGE00147709, [(1886, 96.87671232876713, 182.85555555555555)]
AGE00147712, [(1889, 91.06666666666666, 215.9455252918288)]
AGE00147715, [(1886, 99.94444444444444, 227.25)]
AGE00147716, [(1882, 102.51506849315068, 226.85474860335196)]
AGE00147717, [(1887, 88.26849315068493, 243.46153846153845)]
AGE00147718, [(1883, 127.04109589041096, 274.2225433526012)]
AGE00147719, [(1888, 93.06590257879657, 265.2011494252874)]
AM000037789, [(1886, 45.172602739726024, 0.0)]
ASN00014016, [(1886, 237.48219178082192, 334.35616438356163)]
ASN00015540, [(1880, 124.64207650273224, 306.5109289617486),(1889, 139.15890410958903, 301.213698630137)]
ASN00023000, [(1887, 114.34883720930233, 208.61739130434782)]
ASN00040214, [(1887, 149.9368131868132, 245.013698630137)]
ASN00048013, [(1888, 124.42349726775956, 306.827868852459)]
ASN00048030, [(1886, 110.14520547945206, 270.6684931506849)]
ASN00052026, [(1886, 128.6821917808219, 258.213698630137)]
ASN00055023, [(1886, 121.34722222222223, 239.02314814814815)]
ASN00056017, [(1882, 60.14159292035398, 221.11209439528022)]
ASN00063004, [(1888, 55.08880308880309, 228.84942084942085)]
ASN00065016, [(1883, 98.29752066115702, 238.74520547945207)]
ASN00066062, [(1887, 138.22739726027396, 202.7917808219178)]
ASN00072151, [(1888, 48.475095785440615, 255.81992337164752)]
ASN00074128, [(1882, 85.4, 247.8483870967742)]
ASN00076077, [(1889, 96.86138613861387, 225.26237623762376)]
ASN00086071, [(1888, 92.98907103825137, 192.77868852459017)]
ASN00090015, [(1886, 103.85595567867036, 186.70083102493075)]
ASN00094029, [(1883, 88.48209366391184, 170.14958448753464)]
AU000005010, [(1884, 49.60109289617486, 124.83333333333333)]
AU000005901, [(1887, 49.16712328767123, 124.81369863013698)]
AU000006306, [(1887, 39.61095890410959, 126.2)]
AU000011801, [(1888, 42.08743169398907, 120.05191256830601)]
BE000006447, [(1888, 44.385245901639344, 117.39344262295081)]
CA001100120, [(1889, -13.595744680851064, 65.31914893617021)]
CA001104468, [(1882, -7.285714285714286, 64.16666666666667)]
CA001105550, [(1880, 39.055865921787706, 120.70949720670392)]
CA003012195, [(1884, -60.01652892561984, 78.65564738292011)]
CA003034480, [(1886, -18.898630136986302, 123.8986301369863)]
CA003072145, [(1886, -114.51461988304094, 34.771929824561404)]
CA003072657, [(1884, -82.10684931506849, 23.189560439560438)]
CA004016320, [(1885, -50.635616438356166, 65.96986301369863)]
CA004056230, [(1887, -88.30258302583026, 65.12177121771218)]
CA005010977, [(1889, -45.23835616438356, 83.82465753424657)]
CA005011760, [(1886, -79.1917808219178, 69.03287671232877)]
CA005012279, [(1889, -11.343971631205674, 124.69675090252707)]
CA005012520, [(1885, -75.15426997245179, 53.0)]
CA005012540, [(1889, -42.52054794520548, 108.9013698630137)]
CA005022547, [(1881, -53.50410958904109, 77.06027397260274)]
CA005022790, [(1881, -39.51304347826087, 105.46666666666667)]
CA005023243, [(1887, -73.5041095890411, 63.92054794520548)]
CA005062047, [(1885, -315.89230769230767, -215.3030303030303)]
CA005063350, [(1881, -118.65205479452055, -18.378082191780823)]
CA006046588, [(1886, -44.72054794520548, 68.16986301369863)]
CA006057595, [(1889, 24.04, 130.725)]
CA006068148, [(1887, -1.7933884297520661, 137.39303482587064)]
CA006094450, [(1886, 30.017241379310345, 124.98850574712644)]
CA006101872, [(1880, 8.969945355191257, 121.81693989071039)]
CA006102417, [(1884, -1.6254295532646048, 134.7344827586207)]
CA006104185, [(1883, 4.189041095890411, 101.58630136986301)]
CA006105887, [(1882, -34.59782608695652, 40.67391304347826)]
CA006106362, [(1881, 1.4945054945054945, 122.85989010989012)]
CA006108060, [(1884, -35.37158469945355, 95.30874316939891)]
CA006110458, [(1889, -45.98360655737705, 43.47540983606557)]
CA006110549, [(1882, 10.038461538461538, 118.4065934065934)]
CA006110605, [(1880, -17.1775956284153, 104.93442622950819),(1889, -1.5178082191780822, 102.88493150684931)]
CA006112171, [(1889, 18.220055710306408, 111.6340782122905)]
CA006113000, [(1885, -20.794520547945204, 91.10989010989012)]
CA006113660, [(1882, -32.384892086330936, 122.36071428571428)]
CA006116128, [(1880, 15.78688524590164, 117.68032786885246),(1889, 12.386301369863014, 111.76438356164384)]
CA006116254, [(1883, -28.39178082191781, 88.1013698630137)]
CA006118187, [(1888, 48.00483091787439, 149.47846889952154)]
CA006120315, [(1887, 18.087912087912088, 124.91208791208791)]
CA006122845, [(1880, 39.63387978142077, 119.19125683060109)]
CA006124127, [(1885, 9.306358381502891, 106.22543352601156)]
CA006127887, [(1887, 5.071232876712329, 105.65205479452055)]
CA006129850, [(1883, -3.0875706214689265, 111.87671232876713)]
CA006136643, [(1885, 16.517808219178082, 102.73150684931507)]
CA006136694, [(1882, 33.57534246575342, 127.38630136986302)]
CA006137147, [(1888, 6.549180327868853, 121.8360655737705)]
CA006137735, [(1888, -123.8125, -27.395833333333332)]
CA006139445, [(1885, 0.02556818181818182, 103.52991452991454)]
CA006139520, [(1882, 37.26282051282051, 144.01282051282053)]
CA006140941, [(1889, -34.20666666666666, 74.63333333333334)]
CA006141095, [(1888, 0.7837078651685393, 113.7247191011236)]
CA006141843, [(1887, 2.8493150684931505, 112.75068493150685)]
CA006142993, [(1883, 0.07417582417582418, 110.1456043956044)]
CA006143083, [(1886, 4.624657534246575, 118.62465753424658)]
CA006144470, [(1888, -9.537267080745341, 99.6269592476489)]
CA006144505, [(1889, 27.553424657534247, 126.54246575342465)]
CA006147340, [(1889, 21.019178082191782, 125.9972602739726)]
CA006148100, [(1888, -1.5867768595041323, 105.58126721763085)]
CA006148120, [(1883, -5.392156862745098, 110.51117318435755)]
CA006149625, [(1881, 11.246575342465754, 133.74246575342465)]
CA006150913, [(1886, 4.221590909090909, 109.43019943019944)]
CA006152007, [(1887, 12.052631578947368, 122.31024930747922)]
CA006153192, [(1884, 10.376373626373626, 137.3598901098901)]
CA006155876, [(1885, -1.3424657534246576, 107.40934065934066)]
CA006158350, [(1880, 30.918032786885245, 118.86065573770492),(1889, 32.704109589041096, 118.75068493150685)]
CA006160465, [(1886, -155.41573033707866, -13.910112359550562)]
CA006163156, [(1889, -4.002747252747253, 108.51780821917808)]
CA006164297, [(1888, -17.842261904761905, 94.24404761904762)]
CA006164430, [(1884, -9.92054794520548, 113.1978021978022)]
CA006165716, [(1885, -12.254098360655737, 133.95901639344262)]
CA006166416, [(1884, 11.141643059490084, 123.11614730878188)]
CA007016280, [(1881, -5.635616438356164, 91.45205479452055)]
CA007021952, [(1884, -29.80327868852459, 78.33060109289617)]
CA007021954, [(1885, -20.330532212885153, 98.80672268907563)]
CA007023240, [(1880, 5.546448087431694, 105.39617486338798),(1889, 12.024657534246575, 103.5095890410959)]
CA007025280, [(1880, 10.734972677595628, 110.99180327868852),(1889, 21.704109589041096, 102.75890410958904)]
CA007026465, [(1886, -27.254794520547946, 104.51648351648352)]
CA007050200, [(1881, -13.386430678466077, 49.32941176470588)]
CA007050790, [(1885, -4.117808219178082, 66.15068493150685)]
CA007056067, [(1888, -36.224043715846996, 48.95628415300546)]
CA007061440, [(1885, -48.11357340720222, 65.6657458563536)]
CA008100500, [(1880, -17.0, 87.61980830670926),(1889, -2.2521246458923514, 127.47025495750708)]
CA008100990, [(1885, -22.208219178082192, 96.62191780821918)]
CA008101170, [(1885, -31.23463687150838, 54.29044117647059)]
CA008101700, [(1883, -30.172602739726027, 99.86849315068493)]
CA008101920, [(1885, 9.772602739726027, 97.06301369863014)]
CA008103100, [(1881, 50.29447852760736, 112.37423312883436)]
CA008104600, [(1881, 17.89041095890411, 102.13698630136986)]
CA008104800, [(1888, -0.06318681318681318, 84.22527472527473)]
CA008105600, [(1886, -101.64150943396227, -0.4716981132075472)]
CA008200300, [(1881, -3.6955128205128207, 103.0576923076923)]
CA008202198, [(1888, 11.808743169398907, 101.51092896174863)]
CA008204420, [(1886, 27.42032967032967, 129.29395604395606)]
CA008205698, [(1880, -2.4562841530054644, 99.13387978142076),(1889, 24.824657534246576, 122.62191780821918)]
CA008205988, [(1884, -3.284507042253521, 104.46796657381616)]
CA008206490, [(1883, 16.506849315068493, 93.3972602739726)]
CA008300441, [(1885, -9.824657534246576, 91.72876712328767)]
CA008401125, [(1881, -7.678571428571429, 0.0)]
CA008403500, [(1885, 7.293150684931507, 88.99178082191781)]
CA008500500, [(1887, -38.31232876712329, 5.958904109589041)]
CE000043497, [(1881, 239.47671232876712, 302.8493150684931)]
CE000434730, [(1886, 101.28767123287672, 196.94505494505495)]
CYE00100074, [(1884, 97.44267515923566, 266.1878453038674)]
DA000021100, [(1888, 38.98082191780822, 87.04918032786885)]
DA000025140, [(1880, 55.58126721763085, 113.04383561643836),(1889, 52.47945205479452, 107.84657534246575)]
DA000027080, [(1881, 29.75890410958904, 91.95505617977528)]
DA000030380, [(1881, 24.84931506849315, 99.56438356164384)]
DA000032030, [(1884, 57.4344262295082, 105.6584699453552)]
EI000003969, [(1889, 51.44931506849315, 127.73424657534247)]
EIE00101859, [(1881, 61.12181303116147, 127.78753541076487)]
EZE00100082, [(1887, 48.942465753424656, 116.68219178082192)]
FRE00104937, [(1880, 0.0, 9990.0),(1889, 0.0, 9990.0)]
GG000037545, [(1882, 79.6556886227545, 0.0)]
GLE00100981, [(1886, -104.61369863013698, 0.0)]
GM000002698, [(1880, 57.15573770491803, 142.3087431693989),(1889, 54.81369863013698, 128.91780821917808)]
GM000003319, [(1886, 39.0027397260274, 131.13972602739727)]
GM000004063, [(1883, 43.945205479452056, 130.586301369863)]
GM000004199, [(1882, 38.50410958904109, 126.53972602739726)]
GM000004204, [(1883, 36.85205479452055, 134.2931506849315)]
GM000010962, [(1887, 18.515068493150686, 87.04657534246576)]
GMW00035032, [(1881, 52.723287671232875, 132.96438356164384)]
HR000142360, [(1883, 64.2904109589041, 143.77534246575343)]
HRE00105189, [(1880, 131.36338797814207, 192.9344262295082),(1889, 108.74585635359117, 0.0)]
ITE00100550, [(1887, 97.1013698630137, 167.03835616438357)]
ITE00100554, [(1880, 91.98087431693989, 175.07650273224044),(1889, 85.68767123287671, 168.3041095890411)]
KZ000038198, [(1882, 99.70270270270271, 0.0)]
RSM00022550, [(1884, -31.76775956284153, 23.10655737704918)]
RSM00022845, [(1886, 0.6306306306306306, 0.0)]
RSM00026063, [(1881, -8.347945205479451, 67.18956043956044)]
RSM00026477, [(1881, -25.818791946308725, 53.68227424749164)]
RSM00027051, [(1883, -40.51086956521739, 0.0)]
RSM00027857, [(1887, -7.6876712328767125, 0.0)]
RSM00028440, [(1886, -33.66849315068493, 52.320547945205476)]
RSM00029263, [(1885, -75.18904109589042, 0.0)]
RSM00029348, [(1887, 94.0, 247.0)]
RSM00031369, [(1885, -79.15702479338843, 0.0)]
RSM00032061, [(1889, -66.36712328767123, 0.0)]
RSM00034880, [(1881, 48.72054794520548, 138.42191780821918)]
SZ000002220, [(1886, -42.488950276243095, 17.480662983425415)]
SZ000006717, [(1880, -23.901639344262296, 24.685792349726775),(1889, -54.16438356164384, 10.586301369863014)]
TSE00147769, [(1889, 116.2262996941896, 229.27051671732522)]
TSE00147775, [(1889, 145.6024096385542, 236.15615615615616)]
TX000038763, [(1885, 56.59322033898305, 199.0)]
UK000000000, [(1888, 47.76502732240437, 117.1775956284153)]
UK000003026, [(1883, 49.3502994011976, 105.91044776119404)]
UK000047811, [(1885, 44.06027397260274, 120.25753424657535)]
UK000056225, [(1883, 62.02465753424657, 136.5013698630137)]
UPM00033345, [(1883, 20.20059880239521, 93.16167664670658)]
UPM00033889, [(1888, 46.723287671232875, 192.6)]
USC00015555, [(1880, 144.35792349726776, 242.68579234972677),(1889, 128.83013698630137, 242.05479452054794)]
USC00030936, [(1883, 191.14814814814815, 298.19417475728153)]
USC00034251, [(1880, 124.70604395604396, 217.84615384615384),(1889, 117.19832402234637, 218.9607843137255)]
USC00034562, [(1884, 163.15238095238095, 304.0373831775701)]
USC00035754, [(1886, 182.11363636363637, 309.2134831460674)]
USC00043157, [(1881, 0.0, 179.92602739726027)]
USC00047738, [(1887, 123.27945205479452, 195.46027397260275)]
USC00064767, [(1886, 35.76438356164383, 148.3972602739726)]
USC00067361, [(1884, -41.01639344262295, 58.01639344262295)]
USC00090284, [(1884, -26.95, 361.0)]
USC00090430, [(1888, 106.56557377049181, 222.84426229508196)]
USC00092475, [(1886, -22.0, 289.0)]
USC00134049, [(1885, 33.26301369863014, 93.54246575342465)]
USC00174230, [(1889, 31.09667673716012, 116.67272727272727)]
USC00175070, [(1886, -109.10526315789474, 205.42857142857142)]
USC00176902, [(1887, 26.54794520547945, 110.62739726027397)]
USC00190595, [(1889, 14.821138211382113, 83.89430894308943)]
USC00191650, [(1887, 46.43013698630137, 128.91232876712328)]
USC00193110, [(1885, 51.282722513089006, 172.61780104712042)]
USC00193625, [(1889, 41.889830508474574, 0.0)]
USC00194295, [(1885, 41.29752066115702, 132.6749311294766)]
USC00194313, [(1885, 146.09677419354838, 241.4516129032258)]
USC00194340, [(1885, -40.16129032258065, 117.00833333333334)]
USC00194360, [(1889, 58.635820895522386, 131.5313432835821)]
USC00194760, [(1885, 42.36986301369863, 129.07397260273973)]
USC00194795, [(1889, 45.48760330578512, 142.58356164383562)]
USC00198374, [(1886, 38.07123287671233, 157.3945205479452)]
USC00198960, [(1885, 78.8663101604278, 201.85714285714286)]
USC00200146, [(1887, 48.49065420560748, 176.39252336448598)]
USC00201215, [(1889, 126.96774193548387, 214.20967741935485)]
USC00202466, [(1889, 149.11290322580646, 272.2096774193548)]
USC00252065, [(1889, 181.82051282051282, 292.37068965517244)]
USC00253035, [(1888, -51.653333333333336, 102.15131578947368)]
USC00261395, [(1889, 86.73818181818181, 205.3822393822394)]
USC00264939, [(1888, 27.866071428571427, 176.73511904761904)]
USC00268349, [(1889, -2.9541547277936964, 151.49137931034483)]
USC00271682, [(1880, 31.081967213114755, 156.52732240437157),(1889, 35.20821917808219, 141.2931506849315)]
USC00275072, [(1886, 37.77124183006536, 157.79738562091504)]
USC00275712, [(1885, -10.945652173913043, 89.8913043478261)]
USC00275997, [(1888, -0.7401315789473685, 124.875)]
USC00279307, [(1887, -2.646067415730337, 111.61148648648648)]
USC00287865, [(1885, 67.01369863013699, 147.92602739726027)]
USC00288878, [(1880, 101.07945205479452, 175.02739726027397),(1889, 99.35068493150685, 171.54246575342466)]
USC00298072, [(1887, 35.277472527472526, 160.9945205479452)]
USC00301010, [(1883, 30.5972602739726, 114.75342465753425)]
USC00319462, [(1887, 117.25205479452055, 219.88219178082193)]
USC00331662, [(1885, 36.364383561643834, 124.7068493150685)]
USC00338366, [(1880, 69.26502732240438, 153.38524590163934),(1889, 53.441095890410956, 145.90684931506848)]
USC00343300, [(1887, 97.69315068493151, 227.2958904109589)]
USC00354670, [(1887, 30.09090909090909, 183.9878787878788)]
USC00406012, [(1883, 20.5, 138.45)]
USC00413257, [(1883, -8.26530612244898, 137.9387755102041)]
USC00419421, [(1884, 185.08095238095237, 307.0379146919431)]
USC00431072, [(1885, -92.90265486725664, 116.54573170731707)]
USC00456109, [(1880, 43.648648648648646, 137.95810055865923),(1889, 54.49315068493151, 165.16164383561645)]
USC00464045, [(1888, 59.78338278931751, 148.31420765027323)]
USC00466207, [(1880, 80.82222222222222, 176.125)]
USC00474375, [(1884, 31.6775956284153, 117.8360655737705)]
USC00474966, [(1881, 41.323287671232876, 133.4904109589041)]
USC00475484, [(1885, 12.961643835616439, 99.65753424657534)]
USC00486120, [(1881, 211.0, 44.0)]
USW00013724, [(1887, 75.58356164383562, 150.2986301369863)]
USW00013736, [(1881, 79.78356164383561, 174.2219178082192)]
USW00013984, [(1888, 45.377049180327866, 175.02459016393442)]
USW00014838, [(1886, -0.810958904109589, 97.94246575342466)]
USW00014898, [(1889, 22.06027397260274, 113.27397260273973)]
USW00014936, [(1884, -10.092896174863387, 119.85792349726776)]
USW00023068, [(1888, 59.680851063829785, 222.2127659574468)]
USW00023271, [(1880, 86.46027397260274, 203.78630136986303),(1889, 96.44109589041096, 225.21369863013697)]
USW00024128, [(1884, -51.483870967741936, 66.3225806451613)]
USW00024274, [(1882, 69.46301369863014, 162.013698630137)]
USW00053875, [(1882, 115.97534246575343, 208.42739726027398)]
USW00053919, [(1889, 103.90322580645162, 257.06451612903226)]
USW00093725, [(1881, 75.76347305389221, 173.64071856287424)]
USW00093852, [(1880, 174.2295081967213, 259.0136612021858),(1889, 151.2931506849315, 253.62465753424658)]
USW00094728, [(1883, 62.87397260273973, 139.94520547945206)]
UZM00038457, [(1884, 139.34444444444443, 168.28476821192052)]
UZM00038618, [(1888, 83.08743169398907, 0.0)]
